8.580230e-003  5.261710e+002  1.406441e+001
8.843690e-003  5.363820e+002  1.336843e+001
9.107160e-003  5.355110e+002  1.278984e+001
9.370620e-003  5.317800e+002  1.226678e+001
9.634090e-003  5.487820e+002  1.193786e+001
9.897560e-003  5.426110e+002  1.138926e+001
1.016100e-002  5.414450e+002  1.123887e+001
1.042450e-002  5.430290e+002  1.055952e+001
1.068800e-002  5.289320e+002  1.036916e+001
1.095140e-002  5.337730e+002  1.036511e+001
1.121490e-002  5.422100e+002  9.808098e+000
1.147830e-002  5.535310e+002  9.688196e+000
1.174180e-002  5.429150e+002  9.294210e+000
1.200530e-002  5.259680e+002  9.271203e+000
1.226870e-002  5.318077e+002  9.118019e+000
1.253220e-002  5.396436e+002  8.749696e+000
1.279570e-002  5.271268e+002  8.701391e+000
1.305910e-002  5.182334e+002  8.442254e+000
1.332260e-002  5.026277e+002  8.512994e+000
1.358610e-002  5.369337e+002  8.297163e+000
1.384950e-002  5.356189e+002  8.207931e+000
1.411300e-002  5.327265e+002  8.165097e+000
1.437650e-002  5.290995e+002  7.818946e+000
1.463990e-002  5.297514e+002  7.910039e+000
1.490340e-002  5.156799e+002  7.659677e+000
1.516690e-002  5.220482e+002  7.590843e+000
1.543030e-002  5.109775e+002  7.828438e+000
1.569380e-002  5.286731e+002  7.772893e+000
1.595730e-002  5.175930e+002  7.777007e+000
1.622070e-002  5.156213e+002  7.632426e+000
1.648420e-002  5.118287e+002  7.740930e+000
1.674770e-002  5.285879e+002  7.696085e+000
1.701110e-002  5.124146e+002  7.635732e+000
1.727460e-002  5.066752e+002  7.640000e+000
1.753810e-002  5.047682e+002  7.517851e+000
1.780150e-002  5.015207e+002  7.549655e+000
1.806500e-002  4.972104e+002  7.446076e+000
1.832840e-002  5.116308e+002  7.533017e+000
1.859190e-002  5.201474e+002  7.505262e+000
1.885540e-002  5.091017e+002  7.296961e+000
1.911880e-002  5.126746e+002  7.407705e+000
1.938230e-002  4.842144e+002  7.194765e+000
1.964580e-002  5.126823e+002  7.349083e+000
1.990920e-002  5.074660e+002  7.318443e+000
2.017270e-002  4.982156e+002  7.167842e+000
2.043620e-002  4.949394e+002  7.119168e+000
2.069960e-002  4.917798e+002  6.983080e+000
2.096310e-002  5.108315e+002  7.220709e+000
2.122660e-002  4.830867e+002  6.928728e+000
2.149000e-002  4.813288e+002  6.976266e+000
2.175350e-002  5.017044e+002  7.028847e+000
2.201700e-002  4.868242e+002  6.906451e+000
2.228040e-002  4.879051e+002  7.015025e+000
2.254390e-002  4.985906e+002  6.787936e+000
2.280740e-002  4.936368e+002  6.859641e+000
2.307080e-002  4.975046e+002  6.772353e+000
2.333430e-002  4.805471e+002  6.751623e+000
2.359780e-002  4.896933e+002  6.819041e+000
2.386120e-002  4.788172e+002  6.663523e+000
2.412470e-002  4.832381e+002  6.686908e+000
2.438820e-002  4.836099e+002  6.620741e+000
2.465160e-002  4.736734e+002  6.601249e+000
2.491510e-002  4.695660e+002  6.601460e+000
2.517860e-002  4.596863e+002  6.472195e+000
2.544200e-002  4.733257e+002  6.606406e+000
2.570550e-002  4.563307e+002  6.385618e+000
2.596890e-002  4.728023e+002  6.435657e+000
2.623240e-002  4.699713e+002  6.457010e+000
2.649590e-002  4.674921e+002  6.409774e+000
2.675930e-002  4.623024e+002  6.403866e+000
2.702280e-002  4.739293e+002  6.285070e+000
2.728630e-002  4.612791e+002  6.343280e+000
2.754970e-002  4.648293e+002  6.248367e+000
2.781320e-002  4.474844e+002  6.214270e+000
2.807670e-002  4.526138e+002  6.215221e+000
2.834010e-002  4.549704e+002  6.213257e+000
2.860360e-002  4.435566e+002  6.179349e+000
2.886710e-002  4.517855e+002  6.092552e+000
2.913050e-002  4.500987e+002  6.107793e+000
2.939400e-002  4.376273e+002  6.085122e+000
2.965750e-002  4.493846e+002  6.031083e+000
2.992090e-002  4.473679e+002  6.109341e+000
3.018440e-002  4.471287e+002  5.945453e+000
3.044790e-002  4.460092e+002  5.996691e+000
3.071130e-002  4.367101e+002  5.952011e+000
3.097480e-002  4.472702e+002  5.983411e+000
3.123830e-002  4.362461e+002  5.923111e+000
3.150170e-002  4.266055e+002  5.761142e+000
3.176520e-002  4.226989e+002  5.861878e+000
3.202870e-002  4.306249e+002  5.798752e+000
3.229210e-002  4.321950e+002  5.819654e+000
3.255560e-002  4.201504e+002  5.790876e+000
3.281900e-002  4.086556e+002  5.668995e+000
3.308250e-002  4.412935e+002  5.803968e+000
3.334600e-002  4.072550e+002  5.642859e+000
3.360940e-002  4.202767e+002  5.690989e+000
3.387290e-002  4.195737e+002  5.627211e+000
3.413640e-002  4.108555e+002  5.564414e+000
3.439980e-002  4.178064e+002  5.663008e+000
3.466330e-002  3.979448e+002  5.502515e+000
3.492680e-002  4.054664e+002  5.569436e+000
3.519020e-002  4.066469e+002  5.548241e+000
3.545370e-002  4.127956e+002  5.547278e+000
3.571720e-002  4.039138e+002  5.543344e+000
3.598060e-002  4.014045e+002  5.634966e+000
3.624410e-002  3.932036e+002  5.736522e+000
3.650760e-002  3.886721e+002  5.696067e+000
3.677100e-002  3.842026e+002  5.794388e+000
3.703450e-002  3.893533e+002  5.781583e+000
3.729800e-002  3.965473e+002  5.836034e+000
3.756140e-002  3.846636e+002  5.905714e+000
3.782490e-002  3.749431e+002  5.781300e+000
3.808840e-002  3.844403e+002  5.936869e+000
3.835180e-002  3.851370e+002  5.840838e+000
3.861530e-002  3.814176e+002  5.965590e+000
3.887880e-002  3.772551e+002  5.962716e+000
3.914220e-002  3.815623e+002  5.900532e+000
3.940570e-002  3.671487e+002  6.002950e+000
3.966910e-002  3.674193e+002  5.890885e+000
3.993260e-002  3.718690e+002  6.004259e+000
4.019610e-002  3.828731e+002  5.954919e+000
4.045950e-002  3.712936e+002  5.976740e+000
4.072300e-002  3.642689e+002  6.039257e+000
4.098650e-002  3.565755e+002  5.936038e+000
4.124990e-002  3.682348e+002  5.972207e+000
4.151340e-002  3.510612e+002  5.713601e+000
4.177690e-002  3.599107e+002  5.663482e+000
4.204030e-002  3.441497e+002  5.610136e+000
4.230380e-002  3.543820e+002  5.476471e+000
4.256730e-002  3.505142e+002  5.541951e+000
4.283070e-002  3.435351e+002  5.382826e+000
4.309420e-002  3.429419e+002  5.415815e+000
4.335770e-002  3.424312e+002  5.429882e+000
4.362110e-002  3.399870e+002  5.280758e+000
4.388460e-002  3.343586e+002  5.322224e+000
4.414810e-002  3.334004e+002  5.200653e+000
4.441150e-002  3.360226e+002  5.273946e+000
4.467500e-002  3.354343e+002  5.216587e+000
4.493850e-002  3.308529e+002  5.166164e+000
4.520190e-002  3.349512e+002  5.205836e+000
4.546540e-002  3.323654e+002  5.098173e+000
4.572890e-002  3.293345e+002  5.148284e+000
4.599230e-002  3.177839e+002  5.067031e+000
4.625580e-002  3.108759e+002  5.034709e+000
4.651930e-002  3.197233e+002  5.059517e+000
4.678270e-002  3.134473e+002  4.955652e+000
4.704620e-002  3.099709e+002  5.001464e+000
4.730960e-002  3.065187e+002  4.908764e+000
4.757310e-002  3.025865e+002  4.990852e+000
4.783660e-002  3.020695e+002  4.935725e+000
4.810000e-002  3.038817e+002  4.880955e+000
4.836350e-002  2.955917e+002  4.896311e+000
4.862700e-002  3.019662e+002  4.826466e+000
4.889040e-002  2.891310e+002  4.880218e+000
4.915390e-002  2.929777e+002  4.808102e+000
4.941740e-002  2.945708e+002  4.796271e+000
4.968080e-002  2.844344e+002  4.845668e+000
4.994430e-002  2.853549e+002  4.800440e+000
5.020780e-002  2.966247e+002  4.784608e+000
5.047120e-002  2.797309e+002  4.709232e+000
5.073470e-002  2.839722e+002  4.710021e+000
5.099820e-002  2.776465e+002  4.721913e+000
5.126160e-002  2.804730e+002  4.701266e+000
5.152510e-002  2.739222e+002  4.670022e+000
5.178860e-002  2.678766e+002  4.634549e+000
5.205200e-002  2.660535e+002  4.630168e+000
5.231550e-002  2.671108e+002  4.637300e+000
5.257900e-002  2.598224e+002  4.588721e+000
5.284240e-002  2.616984e+002  4.656921e+000
5.310590e-002  2.702884e+002  4.708542e+000
5.336940e-002  2.723896e+002  4.771240e+000
5.363280e-002  2.634485e+002  4.734132e+000
5.389630e-002  2.614995e+002  4.752363e+000
5.415970e-002  2.585239e+002  4.810538e+000
5.442320e-002  2.552142e+002  4.852497e+000
5.468670e-002  2.591300e+002  4.802369e+000
5.495010e-002  2.586588e+002  4.791099e+000
5.521360e-002  2.459715e+002  4.747230e+000
5.547710e-002  2.468151e+002  4.757663e+000
5.574050e-002  2.488255e+002  4.708158e+000
5.600400e-002  2.382438e+002  4.626598e+000
5.626750e-002  2.428300e+002  4.609434e+000
5.653090e-002  2.367807e+002  4.538649e+000
5.679440e-002  2.367088e+002  4.510705e+000
5.705790e-002  2.306446e+002  4.443238e+000
5.732130e-002  2.343053e+002  4.436362e+000
5.758480e-002  2.319751e+002  4.434365e+000
5.784830e-002  2.230513e+002  4.406545e+000
5.811170e-002  2.223758e+002  4.354376e+000
5.837520e-002  2.259463e+002  4.378860e+000
5.863870e-002  2.217956e+002  4.371945e+000
5.890210e-002  2.205052e+002  4.353395e+000
5.916560e-002  2.186222e+002  4.308879e+000
5.942910e-002  2.165294e+002  4.298063e+000
5.969250e-002  2.165681e+002  4.309636e+000
5.995600e-002  2.269755e+002  4.290145e+000
6.021950e-002  2.133945e+002  4.254637e+000
6.048290e-002  2.136847e+002  4.264528e+000
6.074640e-002  2.108239e+002  4.218825e+000
6.100980e-002  2.049043e+002  4.272807e+000
6.127330e-002  2.094500e+002  4.188394e+000
6.153680e-002  1.973640e+002  4.177154e+000
6.180020e-002  1.977002e+002  4.178812e+000
6.206370e-002  2.011835e+002  4.172555e+000
6.232720e-002  2.043730e+002  4.205879e+000
6.259060e-002  1.965291e+002  4.107000e+000
6.285410e-002  1.934086e+002  4.132854e+000
6.311760e-002  1.887308e+002  4.100011e+000
6.338100e-002  1.860987e+002  4.096860e+000
6.364450e-002  1.902729e+002  4.098367e+000
6.390800e-002  1.867698e+002  4.037607e+000
6.417140e-002  1.818121e+002  4.055504e+000
6.443490e-002  1.802239e+002  4.020943e+000
6.469840e-002  1.800750e+002  4.007114e+000
6.496180e-002  1.835882e+002  4.014114e+000
6.522530e-002  1.727451e+002  3.957291e+000
6.548880e-002  1.782006e+002  4.007292e+000
6.575220e-002  1.768293e+002  3.907020e+000
6.601570e-002  1.733552e+002  3.952763e+000
6.627920e-002  1.682888e+002  3.899892e+000
6.654260e-002  1.738667e+002  3.898497e+000
6.680610e-002  1.683290e+002  3.964183e+000
6.706960e-002  1.593479e+002  3.860876e+000
6.733300e-002  1.684540e+002  3.933274e+000
6.759650e-002  1.592848e+002  3.868222e+000
6.786000e-002  1.559319e+002  3.883780e+000
6.812340e-002  1.618125e+002  3.890024e+000
6.838690e-002  1.598317e+002  3.832690e+000
6.865030e-002  1.603834e+002  3.918176e+000
6.891380e-002  1.569084e+002  3.825632e+000
6.917730e-002  1.596301e+002  3.887714e+000
6.944070e-002  1.541177e+002  3.835867e+000
6.970420e-002  1.545523e+002  3.813063e+000
6.996770e-002  1.485776e+002  3.864957e+000
7.023110e-002  1.537812e+002  3.782494e+000
7.049460e-002  1.431206e+002  3.804084e+000
7.075810e-002  1.434663e+002  3.809122e+000
7.102150e-002  1.435926e+002  3.762068e+000
7.128500e-002  1.409548e+002  3.814707e+000
7.154850e-002  1.429327e+002  3.720045e+000
7.181190e-002  1.329470e+002  3.757638e+000
7.207540e-002  1.351501e+002  3.715150e+000
7.233890e-002  1.346257e+002  3.743058e+000
7.260230e-002  1.357244e+002  3.725147e+000
7.286580e-002  1.314582e+002  3.689960e+000
7.312930e-002  1.312296e+002  3.713313e+000
7.339270e-002  1.325644e+002  3.695486e+000
7.365620e-002  1.346281e+002  3.686983e+000
7.391970e-002  1.286819e+002  3.691814e+000
7.418310e-002  1.258068e+002  3.661794e+000
7.444660e-002  1.242746e+002  3.673857e+000
7.471010e-002  1.227428e+002  3.625163e+000
7.497350e-002  1.243867e+002  3.642084e+000
7.523700e-002  1.190073e+002  3.628796e+000
7.550040e-002  1.190681e+002  3.663160e+000
7.576390e-002  1.235021e+002  3.733262e+000
7.602740e-002  1.236452e+002  3.730761e+000
7.629080e-002  1.114728e+002  3.769181e+000
7.655430e-002  1.133396e+002  3.801743e+000
7.681780e-002  1.214539e+002  3.831486e+000
7.708120e-002  1.086940e+002  3.792143e+000
7.734470e-002  1.058203e+002  3.819470e+000
7.760820e-002  1.075474e+002  3.837073e+000
7.787160e-002  1.080222e+002  3.793037e+000
7.813510e-002  1.088393e+002  3.837908e+000
7.839860e-002  1.048411e+002  3.756238e+000
7.866200e-002  1.073191e+002  3.709358e+000
7.892550e-002  9.911310e+001  3.673527e+000
7.918900e-002  9.924830e+001  3.610394e+000
7.945240e-002  9.747890e+001  3.610898e+000
7.971590e-002  1.037627e+002  3.557878e+000
7.997940e-002  1.031928e+002  3.590518e+000
8.024280e-002  9.076820e+001  3.533303e+000
8.050630e-002  9.262350e+001  3.527678e+000
8.076980e-002  9.758570e+001  3.541379e+000
8.103320e-002  9.802000e+001  3.511743e+000
8.129670e-002  9.548750e+001  3.505528e+000
8.156020e-002  9.265160e+001  3.485060e+000
8.182360e-002  9.213320e+001  3.474528e+000
8.208710e-002  9.422910e+001  3.493308e+000
8.235050e-002  8.701190e+001  3.466517e+000
8.261400e-002  8.822740e+001  3.458371e+000
8.287750e-002  7.925750e+001  3.417629e+000
8.314090e-002  8.410790e+001  3.459360e+000
8.340440e-002  8.609760e+001  3.435301e+000
8.366790e-002  8.376940e+001  3.418851e+000
8.393130e-002  8.524130e+001  3.416986e+000
8.419480e-002  7.855760e+001  3.365863e+000
8.445830e-002  8.268490e+001  3.405365e+000
8.472170e-002  8.038790e+001  3.375802e+000
8.498520e-002  8.592810e+001  3.342667e+000
8.524870e-002  8.190790e+001  3.367587e+000
8.551210e-002  7.721580e+001  3.325671e+000
8.577560e-002  7.465160e+001  3.340549e+000
8.603910e-002  7.504080e+001  3.295162e+000
8.630250e-002  7.169400e+001  3.314262e+000
8.656600e-002  7.444590e+001  3.321781e+000
8.682950e-002  7.400470e+001  3.282374e+000
8.709290e-002  7.099390e+001  3.329343e+000
8.735640e-002  7.268240e+001  3.272399e+000
8.761990e-002  6.576750e+001  3.292155e+000
8.788330e-002  7.223470e+001  3.321196e+000
8.814680e-002  6.657670e+001  3.272946e+000
8.841030e-002  7.327050e+001  3.320253e+000
8.867370e-002  6.246820e+001  3.263061e+000
8.893720e-002  6.962840e+001  3.300832e+000
8.920070e-002  6.660900e+001  3.268543e+000
8.946410e-002  6.635990e+001  3.251338e+000
8.972760e-002  5.874580e+001  3.277150e+000
8.999100e-002  6.240950e+001  3.234014e+000
9.025450e-002  5.814360e+001  3.265933e+000
9.051800e-002  5.724850e+001  3.223692e+000
9.078140e-002  5.708260e+001  3.216340e+000
9.104490e-002  5.584140e+001  3.231791e+000
9.130840e-002  6.083520e+001  3.221747e+000
9.157180e-002  6.657030e+001  3.251051e+000
9.183530e-002  5.483320e+001  3.274030e+000
9.209880e-002  5.926250e+001  3.336204e+000
9.236220e-002  5.359770e+001  3.358874e+000
9.262570e-002  5.725980e+001  3.341155e+000
9.288920e-002  5.308890e+001  3.389856e+000
9.315260e-002  5.454480e+001  3.367985e+000
9.341610e-002  5.223940e+001  3.423896e+000
9.367960e-002  5.672120e+001  3.411776e+000
9.394300e-002  4.994670e+001  3.388086e+000
9.420650e-002  5.223570e+001  3.448417e+000
9.447000e-002  5.253300e+001  3.435703e+000
9.473340e-002  4.908380e+001  3.490960e+000
9.499690e-002  4.984780e+001  3.411274e+000
9.526040e-002  5.080800e+001  3.466512e+000
9.552380e-002  5.421640e+001  3.501915e+000
9.578730e-002  4.902590e+001  3.476748e+000
9.605080e-002  4.885310e+001  3.506413e+000
9.631420e-002  4.814590e+001  3.463277e+000
9.657770e-002  4.359980e+001  3.512561e+000
9.684110e-002  4.227150e+001  3.533630e+000
9.710460e-002  4.509880e+001  3.444210e+000
9.736810e-002  4.584640e+001  3.411426e+000
9.763150e-002  4.278430e+001  3.353459e+000
9.789500e-002  4.280980e+001  3.368454e+000
9.815850e-002  4.458420e+001  3.328562e+000
9.842190e-002  3.899460e+001  3.287517e+000
9.868540e-002  4.148360e+001  3.301163e+000
9.894890e-002  3.654250e+001  3.259501e+000
9.921230e-002  3.784990e+001  3.283089e+000
9.947580e-002  4.051720e+001  3.264190e+000
9.973930e-002  4.148300e+001  3.244084e+000
1.000030e-001  3.969540e+001  3.226539e+000
1.002660e-001  3.788670e+001  3.221973e+000
1.005300e-001  3.482500e+001  3.193115e+000
1.007930e-001  3.725700e+001  3.177043e+000
1.010570e-001  3.491460e+001  3.206613e+000
1.013200e-001  3.116500e+001  3.173192e+000
1.015840e-001  3.707500e+001  3.159237e+000
1.018470e-001  3.559270e+001  3.165349e+000
1.021100e-001  4.009240e+001  3.148595e+000
1.023740e-001  3.118390e+001  3.152593e+000
1.026370e-001  3.460360e+001  3.122850e+000
1.029010e-001  3.453110e+001  3.149638e+000
1.031640e-001  3.036400e+001  3.104941e+000
1.034280e-001  3.361570e+001  3.111065e+000
1.036910e-001  3.064830e+001  3.109903e+000
1.039550e-001  3.047740e+001  3.076599e+000
1.042180e-001  3.546270e+001  3.104193e+000
1.044820e-001  2.887430e+001  3.086751e+000
1.047450e-001  3.417730e+001  3.091212e+000
1.050090e-001  3.511800e+001  3.088307e+000
1.052720e-001  3.002720e+001  3.051254e+000
1.055360e-001  3.316610e+001  3.069775e+000
1.057990e-001  3.162960e+001  3.056737e+000
1.060620e-001  2.932700e+001  3.050541e+000
1.063260e-001  3.064950e+001  3.032644e+000
1.065890e-001  2.721210e+001  3.017122e+000
1.068530e-001  3.322770e+001  3.024939e+000
1.071160e-001  2.911720e+001  3.003826e+000
1.073800e-001  2.525520e+001  3.016260e+000
1.076430e-001  2.997450e+001  3.012521e+000
1.079070e-001  2.405810e+001  2.971220e+000
1.081700e-001  2.702040e+001  3.003885e+000
1.084340e-001  2.609840e+001  2.965691e+000
1.086970e-001  2.938810e+001  2.992975e+000
1.089610e-001  2.629840e+001  2.978993e+000
1.092240e-001  2.726320e+001  2.965675e+000
1.094870e-001  2.610920e+001  2.966269e+000
1.097510e-001  2.751900e+001  2.953074e+000
1.100140e-001  2.605590e+001  2.970537e+000
1.102780e-001  2.676820e+001  2.963015e+000
1.105410e-001  2.468690e+001  2.933557e+000
1.108050e-001  2.081970e+001  2.926740e+000
1.110680e-001  2.860430e+001  2.949956e+000
1.113320e-001  2.215750e+001  2.968354e+000
1.115950e-001  2.350270e+001  2.924742e+000
1.118590e-001  2.588630e+001  2.935729e+000
1.121220e-001  2.091520e+001  2.929270e+000
1.123860e-001  2.335460e+001  2.940582e+000
1.126490e-001  2.587720e+001  2.932975e+000
1.129130e-001  2.630380e+001  2.906737e+000
1.131760e-001  2.385800e+001  2.915753e+000
1.134390e-001  2.013920e+001  2.896360e+000
1.137030e-001  2.304630e+001  2.914025e+000
1.139660e-001  2.008400e+001  2.893021e+000
1.142300e-001  2.230160e+001  2.889541e+000
1.144930e-001  1.994190e+001  2.909213e+000
1.147570e-001  2.213030e+001  2.878233e+000
1.150200e-001  2.441630e+001  2.885282e+000
1.152840e-001  2.510440e+001  2.882861e+000
1.155470e-001  3.045620e+001  2.885418e+000
1.158110e-001  2.184730e+001  2.888411e+000
1.160740e-001  2.070370e+001  2.844713e+000
1.163380e-001  1.617540e+001  2.866771e+000
1.166010e-001  2.172120e+001  2.844392e+000
1.168650e-001  2.421530e+001  2.860276e+000
1.171280e-001  1.994960e+001  2.857212e+000
1.173910e-001  2.324240e+001  2.837981e+000
1.176550e-001  1.991260e+001  2.857602e+000
1.179180e-001  2.162700e+001  2.836945e+000
1.181820e-001  1.830280e+001  2.843494e+000
1.184450e-001  2.376390e+001  2.835812e+000
1.187090e-001  1.519070e+001  2.813028e+000
1.189720e-001  1.905630e+001  2.826999e+000
1.192360e-001  2.065900e+001  2.812463e+000
1.194990e-001  1.571020e+001  2.808781e+000
1.197630e-001  1.665890e+001  2.788864e+000
1.200260e-001  1.885080e+001  2.809793e+000
1.202900e-001  1.036230e+001  2.785680e+000
1.205530e-001  1.797860e+001  2.771620e+000
1.208170e-001  1.797990e+001  2.799658e+000
1.210800e-001  2.051390e+001  2.774442e+000
1.213430e-001  1.860650e+001  2.780365e+000
1.216070e-001  1.974390e+001  2.766362e+000
1.218700e-001  2.429890e+001  2.756374e+000
1.221340e-001  1.522690e+001  2.773457e+000
1.223970e-001  1.296050e+001  2.759845e+000
1.226610e-001  1.521790e+001  2.763504e+000
1.229240e-001  1.685890e+001  2.752813e+000
1.231880e-001  1.549930e+001  2.753821e+000
1.234510e-001  1.582190e+001  2.763289e+000
1.237150e-001  2.151970e+001  2.757325e+000
1.239780e-001  1.334200e+001  2.752140e+000
1.242420e-001  1.790270e+001  2.750303e+000
1.245050e-001  1.487360e+001  2.760479e+000
1.247680e-001  1.416200e+001  2.765559e+000
1.250320e-001  1.628760e+001  2.727355e+000
1.252950e-001  1.397900e+001  2.758749e+000
1.255590e-001  1.936710e+001  2.732206e+000
1.258220e-001  1.407760e+001  2.748646e+000
1.260860e-001  1.920580e+001  2.745758e+000
1.263490e-001  1.491870e+001  2.723934e+000
1.266130e-001  1.518670e+001  2.729372e+000
1.268760e-001  1.333790e+001  2.727241e+000
1.271400e-001  1.484760e+001  2.725118e+000
1.274030e-001  1.644220e+001  2.713093e+000
1.276670e-001  1.268580e+001  2.719242e+000
1.279300e-001  1.417110e+001  2.712828e+000
1.281940e-001  1.696340e+001  2.717906e+000
1.284570e-001  1.529440e+001  2.702619e+000
1.287200e-001  1.539130e+001  2.693664e+000
1.289840e-001  1.472530e+001  2.709008e+000
1.292470e-001  1.284130e+001  2.704590e+000
1.295110e-001  1.903690e+001  2.694115e+000
1.297740e-001  1.256500e+001  2.674825e+000
1.300380e-001  1.983910e+001  2.692233e+000
1.303010e-001  1.262270e+001  2.695997e+000
1.305650e-001  1.538940e+001  2.682429e+000
1.308280e-001  1.682590e+001  2.683430e+000
1.310920e-001  1.394280e+001  2.672260e+000
1.313550e-001  1.311310e+001  2.677224e+000
1.316190e-001  1.279080e+001  2.670180e+000
1.318820e-001  1.421220e+001  2.660161e+000
1.321460e-001  1.273380e+001  2.664826e+000
1.324090e-001  1.363830e+001  2.652938e+000
1.326720e-001  1.160500e+001  2.656153e+000
1.329360e-001  1.175270e+001  2.640665e+000
1.331990e-001  1.607070e+001  2.651948e+000
1.334630e-001  1.618570e+001  2.652988e+000
1.337260e-001  1.018250e+001  2.656811e+000
1.339900e-001  1.415120e+001  2.639333e+000
1.342530e-001  1.071470e+001  2.633231e+000
1.345170e-001  1.280260e+001  2.625753e+000
1.347800e-001  8.175100e+000  2.627402e+000
1.350440e-001  1.056930e+001  2.634245e+000
1.353070e-001  1.283820e+001  2.618562e+000
1.355710e-001  1.408330e+001  2.621939e+000
1.358340e-001  9.710600e+000  2.624601e+000
1.360970e-001  1.053600e+001  2.620888e+000
1.363610e-001  1.259530e+001  2.598662e+000
1.366240e-001  1.099820e+001  2.614927e+000
1.368880e-001  1.207820e+001  2.616921e+000
1.371510e-001  9.843900e+000  2.606236e+000
1.374150e-001  1.071920e+001  2.605631e+000
1.376780e-001  1.505020e+001  2.597901e+000
1.379420e-001  1.340140e+001  2.607379e+000
1.382050e-001  1.264430e+001  2.596584e+000
1.384690e-001  1.483280e+001  2.601113e+000
1.387320e-001  1.249760e+001  2.585544e+000
1.389960e-001  8.654200e+000  2.586808e+000
1.392590e-001  8.724100e+000  2.607056e+000
1.395230e-001  1.134090e+001  2.567210e+000
1.397860e-001  1.297630e+001  2.578991e+000
1.400490e-001  8.892400e+000  2.588227e+000
1.403130e-001  1.210410e+001  2.578390e+000
1.405760e-001  1.394090e+001  2.598835e+000
1.408400e-001  1.206780e+001  2.551536e+000
1.411030e-001  1.333730e+001  2.581030e+000
1.413670e-001  9.094600e+000  2.577200e+000
1.416300e-001  8.325200e+000  2.567600e+000
1.418940e-001  8.827700e+000  2.577370e+000
1.421570e-001  1.202600e+001  2.548023e+000
1.424210e-001  8.395700e+000  2.575425e+000
1.426840e-001  8.863700e+000  2.547180e+000
1.429480e-001  1.445920e+001  2.550059e+000
1.432110e-001  8.571000e+000  2.563422e+000
1.434750e-001  1.361520e+001  2.558890e+000
1.437380e-001  5.619700e+000  2.558071e+000
1.440010e-001  1.185680e+001  2.543905e+000
1.442650e-001  1.180060e+001  2.540575e+000
1.445280e-001  7.136800e+000  2.545134e+000
1.447920e-001  1.148940e+001  2.551135e+000
1.450550e-001  8.604000e+000  2.542750e+000
1.453190e-001  6.282100e+000  2.521556e+000
1.455820e-001  7.888300e+000  2.534342e+000
1.458460e-001  9.878000e+000  2.538624e+000
1.461090e-001  7.180700e+000  2.530531e+000
1.463730e-001  9.060300e+000  2.540254e+000
1.466360e-001  1.539700e+000  2.504562e+000
1.469000e-001  9.325800e+000  2.545261e+000
1.471630e-001  7.368700e+000  2.518915e+000
1.474270e-001  7.192400e+000  2.535227e+000
1.476900e-001  1.164510e+001  2.574680e+000
1.479530e-001  6.515400e+000  2.579947e+000
1.482170e-001  3.965400e+000  2.631560e+000
1.484800e-001  8.751800e+000  2.602041e+000
1.487440e-001  1.028520e+001  2.642958e+000
1.490070e-001  1.009070e+001  2.643933e+000
1.492710e-001  1.272070e+001  2.660965e+000
1.495340e-001  9.447200e+000  2.672411e+000
1.497980e-001  8.962000e+000  2.664107e+000
1.500610e-001  1.036980e+001  2.698106e+000
1.503250e-001  1.133280e+001  2.691090e+000
1.505880e-001  1.127760e+001  2.690113e+000
1.508520e-001  1.122860e+001  2.705994e+000
1.511150e-001  7.370600e+000  2.701864e+000
1.513780e-001  9.830200e+000  2.732230e+000
1.516420e-001  7.642000e+000  2.707123e+000
1.519050e-001  8.041400e+000  2.724014e+000
1.521690e-001  5.884300e+000  2.733962e+000
1.524320e-001  9.606900e+000  2.723926e+000
1.526960e-001  1.096540e+001  2.769598e+000
1.529590e-001  9.008100e+000  2.707660e+000
1.532230e-001  1.034960e+001  2.682354e+000
1.534860e-001  6.021700e+000  2.662309e+000
1.537500e-001  5.773000e+000  2.643783e+000
1.540130e-001  9.683400e+000  2.646386e+000
1.542770e-001  1.184800e+001  2.612162e+000
1.545400e-001  7.416900e+000  2.627706e+000
1.548040e-001  6.745200e+000  2.600435e+000
1.550670e-001  1.087730e+001  2.596909e+000
1.553300e-001  1.039190e+001  2.600541e+000
1.555940e-001  4.648600e+000  2.579487e+000
1.558570e-001  3.283400e+000  2.599132e+000
1.561210e-001  1.014560e+001  2.566609e+000
1.563840e-001  8.687600e+000  2.565085e+000
1.566480e-001  1.074030e+001  2.553734e+000
1.569110e-001  9.359500e+000  2.567013e+000
1.571750e-001  8.984100e+000  2.565125e+000
1.574380e-001  7.869900e+000  2.533576e+000
1.577020e-001  5.465700e+000  2.546119e+000
1.579650e-001  5.564800e+000  2.519078e+000
1.582290e-001  7.489600e+000  2.541895e+000
1.584920e-001  9.037100e+000  2.527431e+000
1.587560e-001  6.801100e+000  2.511902e+000
1.590190e-001  6.733000e+000  2.538334e+000
1.592820e-001  1.166130e+001  2.520889e+000
1.595460e-001  7.218300e+000  2.528007e+000
1.598090e-001  6.884700e+000  2.504281e+000
1.600730e-001  1.044460e+001  2.519882e+000
1.603360e-001  2.692800e+000  2.518443e+000
1.606000e-001  7.793000e+000  2.493882e+000
1.608630e-001  6.901000e+000  2.517905e+000
1.611270e-001  7.741200e+000  2.484306e+000
1.613900e-001  9.869400e+000  2.511966e+000
1.616540e-001  7.950100e+000  2.512351e+000
1.619170e-001  5.115900e+000  2.484283e+000
1.621810e-001  7.110700e+000  2.505631e+000
1.624440e-001  8.030200e+000  2.489017e+000
1.627080e-001  4.489900e+000  2.515971e+000
1.629710e-001  5.849800e+000  2.495056e+000
1.632340e-001  6.992900e+000  2.489220e+000
1.634980e-001  7.468000e+000  2.511635e+000
1.637610e-001  1.106320e+001  2.480877e+000
1.640250e-001  6.275100e+000  2.486534e+000
1.642880e-001  7.978200e+000  2.481665e+000
1.645520e-001  8.733300e+000  2.480809e+000
1.648150e-001  1.050230e+001  2.493153e+000
1.650790e-001  9.886800e+000  2.480539e+000
1.653420e-001  9.369200e+000  2.491258e+000
1.656060e-001  7.974500e+000  2.468985e+000
1.658690e-001  9.743100e+000  2.480603e+000
1.661330e-001  9.912900e+000  2.479203e+000
1.663960e-001  7.313100e+000  2.452136e+000
1.666590e-001  6.207500e+000  2.477918e+000
1.669230e-001  9.897400e+000  2.444737e+000
1.671860e-001  1.124050e+001  2.469233e+000
1.674500e-001  4.874200e+000  2.453417e+000
1.677130e-001  8.932900e+000  2.445466e+000
1.679770e-001  7.736200e+000  2.468388e+000
1.682400e-001  7.234200e+000  2.443128e+000
1.685040e-001  6.357300e+000  2.456001e+000
1.687670e-001  1.247090e+001  2.441231e+000
1.690310e-001  1.007430e+001  2.441619e+000
1.692940e-001  8.861300e+000  2.466735e+000
1.695580e-001  5.770900e+000  2.424452e+000
1.698210e-001  1.154660e+001  2.466098e+000
1.700850e-001  5.131000e+000  2.418109e+000
1.703480e-001  5.775900e+000  2.439850e+000
1.706110e-001  8.124400e+000  2.447647e+000
1.708750e-001  8.095700e+000  2.424369e+000
1.711380e-001  8.039700e+000  2.441603e+000
1.714020e-001  9.326600e+000  2.446937e+000
1.716650e-001  7.046300e+000  2.439704e+000
1.719290e-001  8.214700e+000  2.434451e+000
1.721920e-001  5.726400e+000  2.429451e+000
1.724560e-001  1.142110e+001  2.446993e+000
1.727190e-001  5.228100e+000  2.435786e+000
1.729830e-001  5.340400e+000  2.432293e+000
1.732460e-001  8.511900e+000  2.420766e+000
1.735100e-001  4.107100e+000  2.422797e+000
1.737730e-001  4.833300e+000  2.430736e+000
1.743000e-001  5.296200e+000  2.421620e+000
1.745630e-001  4.046400e+000  2.412938e+000
1.748270e-001  8.311800e+000  2.433892e+000
1.750900e-001  3.401500e+000  2.409788e+000
1.753540e-001  3.174000e-001  2.406959e+000
1.756170e-001  9.919900e+000  2.418427e+000
1.758810e-001  7.318600e+000  2.416107e+000
1.761440e-001  8.885800e+000  2.429533e+000
1.764080e-001  3.883000e+000  2.391685e+000
1.766710e-001  8.650100e+000  2.414784e+000
1.769350e-001  5.687900e+000  2.404387e+000
1.771980e-001  6.673800e+000  2.411265e+000
1.774620e-001  7.222200e+000  2.416229e+000
1.777250e-001  7.469400e+000  2.391557e+000
1.779890e-001  1.084920e+001  2.419777e+000
1.782520e-001  7.049700e+000  2.409706e+000
1.785150e-001  3.278300e+000  2.392452e+000
1.787790e-001  7.617500e+000  2.410466e+000
1.790420e-001  6.790000e+000  2.383044e+000
1.793060e-001  5.654700e+000  2.406122e+000
1.795690e-001  7.093400e+000  2.391240e+000
1.798330e-001  6.431200e+000  2.394586e+000
1.800960e-001  6.760000e+000  2.389180e+000
1.803600e-001  5.435500e+000  2.385769e+000
1.806230e-001  4.285400e+000  2.411938e+000
1.808870e-001  4.874300e+000  2.374457e+000
1.811500e-001  3.001800e+000  2.393007e+000
1.814140e-001  8.751900e+000  2.392468e+000
1.816770e-001  6.788400e+000  2.386844e+000
1.819400e-001  6.731500e+000  2.388367e+000
1.822040e-001  6.624600e+000  2.377265e+000
1.824670e-001  4.515800e+000  2.394144e+000
1.827310e-001  5.895800e+000  2.371295e+000
1.829940e-001  4.914700e+000  2.384399e+000
1.832580e-001  5.258700e+000  2.370920e+000
1.835210e-001  1.623500e+000  2.361845e+000
1.837850e-001  5.861300e+000  2.389118e+000
1.840480e-001  4.555300e+000  2.361010e+000
1.843120e-001  7.844100e+000  2.379526e+000
1.845750e-001  7.281900e+000  2.382504e+000
1.848390e-001  7.825200e+000  2.373696e+000
1.851020e-001  6.631900e+000  2.384523e+000
1.853660e-001  3.951800e+000  2.353627e+000
1.856290e-001  5.403400e+000  2.382579e+000
1.858920e-001  5.932100e+000  2.377322e+000
1.861560e-001  4.514500e+000  2.377584e+000
1.864190e-001  2.826700e+000  2.375339e+000
1.866830e-001  1.958800e+000  2.349133e+000
1.869460e-001  6.678000e+000  2.388513e+000
1.872100e-001  7.251300e+000  2.368437e+000
1.874730e-001  7.402500e+000  2.371634e+000
1.877370e-001  3.404900e+000  2.384416e+000
1.880000e-001  6.054300e+000  2.358413e+000
1.882640e-001  4.915100e+000  2.392086e+000
1.885270e-001  1.062020e+001  2.368198e+000
1.887910e-001  8.399000e-001  2.377909e+000
1.890540e-001  3.537900e+000  2.382098e+000
1.893180e-001  3.199300e+000  2.374804e+000
1.895810e-001  3.950800e+000  2.392992e+000
1.898440e-001  7.821100e+000  2.363892e+000
1.901080e-001  2.674600e+000  2.386243e+000
1.903710e-001  4.703600e+000  2.376391e+000
1.906350e-001  4.318100e+000  2.396997e+000
1.908980e-001  6.560500e+000  2.382319e+000
1.911620e-001  4.437900e+000  2.371849e+000
1.914250e-001  5.178900e+000  2.392313e+000
1.916890e-001  2.497400e+000  2.386766e+000
1.919520e-001  6.559900e+000  2.383996e+000
1.922160e-001  4.733900e+000  2.388507e+000
1.924790e-001  4.198600e+000  2.381172e+000
1.927430e-001  5.111700e+000  2.401237e+000
1.930060e-001  4.716300e+000  2.386932e+000
1.932690e-001  4.186900e+000  2.391975e+000
1.935330e-001  7.763200e+000  2.384538e+000
1.937960e-001  2.814900e+000  2.392777e+000
1.940600e-001  1.157000e+000  2.391263e+000
1.943230e-001  7.142600e+000  2.385845e+000
1.945870e-001  8.298400e+000  2.400484e+000
1.948500e-001  4.121800e+000  2.384990e+000
1.951140e-001  1.135520e+001  2.406393e+000
1.953770e-001  7.168000e+000  2.393580e+000
1.956410e-001  4.274100e+000  2.381119e+000
1.959040e-001  7.475800e+000  2.410072e+000
1.961680e-001  4.230900e+000  2.383951e+000
1.964310e-001  3.316500e+000  2.391527e+000
1.966950e-001  3.258000e+000  2.388037e+000
1.969580e-001  5.886900e+000  2.386217e+000
1.972210e-001  6.726700e+000  2.410767e+000
1.974850e-001  6.515900e+000  2.389148e+000
1.977480e-001  1.016700e+000  2.400190e+000
1.980120e-001  3.930900e+000  2.385907e+000
1.982750e-001  5.465000e+000  2.402919e+000
1.985390e-001  4.041000e+000  2.396959e+000
1.988020e-001  6.531600e+000  2.381607e+000
1.990660e-001  1.623200e+000  2.409596e+000
1.993290e-001  1.082100e+000  2.384554e+000
1.995930e-001  2.258900e+000  2.398274e+000
1.998560e-001  4.655400e+000  2.392347e+000
2.001200e-001  6.821500e+000  2.390562e+000
2.003830e-001  3.856400e+000  2.415327e+000
2.006470e-001  2.795500e+000  2.392481e+000
2.011730e-001  1.346500e+000  2.381179e+000
2.014370e-001  4.926900e+000  2.395704e+000
2.017000e-001  7.260500e+000  2.408805e+000
2.019640e-001  2.406600e+000  2.380602e+000
2.022270e-001  7.394400e+000  2.410219e+000
2.024910e-001  4.600200e+000  2.385517e+000
2.027540e-001  5.056600e+000  2.408681e+000
2.030180e-001  3.439500e+000  2.396359e+000
2.032810e-001  5.376700e+000  2.403732e+000
2.035450e-001  2.841000e+000  2.456915e+000
2.038080e-001  5.424600e+000  2.474878e+000
2.040720e-001  2.244400e+000  2.509806e+000
2.043350e-001  2.779400e+000  2.491348e+000
2.045990e-001  2.683900e+000  2.515870e+000
2.048620e-001  2.457100e+000  2.540931e+000
2.051250e-001  3.975900e+000  2.534140e+000
2.053890e-001  2.822200e+000  2.551553e+000
2.056520e-001  4.596600e+000  2.547373e+000
2.059160e-001  6.690000e+000  2.574021e+000
2.061790e-001  6.187600e+000  2.587204e+000
2.064430e-001  2.222500e+000  2.567248e+000
2.067060e-001  5.049700e+000  2.598427e+000
2.069700e-001  3.024500e+000  2.585413e+000
2.072330e-001  3.252200e+000  2.625257e+000
2.074970e-001  3.509600e+000  2.602695e+000
2.077600e-001  7.650000e-002  2.596530e+000
2.080240e-001  3.393100e+000  2.638455e+000
2.082870e-001  5.621700e+000  2.644151e+000
2.085500e-001  3.065800e+000  2.659685e+000
2.088140e-001  3.033300e+000  2.622834e+000
2.090770e-001  4.564100e+000  2.575223e+000
2.093410e-001  3.971800e+000  2.564519e+000
2.101310e-001  1.417800e+000  2.523581e+000
2.103950e-001  3.226000e-001  2.532603e+000
2.106580e-001  5.216700e+000  2.527516e+000
2.109220e-001  1.475000e-001  2.510951e+000
2.111850e-001  5.537900e+000  2.508926e+000
2.114490e-001  5.902300e+000  2.519956e+000
2.117120e-001  2.570200e+000  2.523908e+000
2.119760e-001  4.540300e+000  2.521107e+000
2.122390e-001  4.803400e+000  2.499894e+000
2.125020e-001  4.767000e-001  2.504973e+000
2.127660e-001  2.104400e+000  2.512647e+000
2.130290e-001  1.723000e+000  2.512131e+000
2.132930e-001  4.806000e+000  2.509710e+000
2.138200e-001  3.934600e+000  2.511447e+000
2.140830e-001  8.176900e+000  2.519828e+000
2.143470e-001  1.924100e+000  2.504635e+000
2.146100e-001  2.914800e+000  2.499881e+000
2.148740e-001  5.496000e+000  2.518094e+000
2.151370e-001  4.734900e+000  2.524935e+000
2.154010e-001  3.448200e+000  2.511749e+000
2.159280e-001  4.686200e+000  2.514275e+000
2.161910e-001  1.411800e+000  2.532015e+000
2.164540e-001  2.788500e+000  2.521688e+000
2.167180e-001  4.239100e+000  2.515612e+000
2.169810e-001  1.721100e+000  2.531940e+000
2.172450e-001  4.830900e+000  2.515316e+000
2.175080e-001  3.083900e+000  2.511014e+000
2.180350e-001  3.029800e+000  2.517573e+000
2.182990e-001  5.671800e+000  2.530159e+000
2.185620e-001  4.157900e+000  2.514774e+000
2.188260e-001  4.123300e+000  2.516630e+000
2.190890e-001  4.736500e+000  2.510298e+000
2.193530e-001  4.270500e+000  2.532306e+000
2.196160e-001  5.840200e+000  2.528477e+000
2.198800e-001  2.421900e+000  2.504087e+000
2.201430e-001  2.377700e+000  2.508123e+000
2.204060e-001  1.592800e+000  2.517519e+000
2.206700e-001  4.287700e+000  2.540579e+000
2.209330e-001  5.403900e+000  2.505829e+000
2.211970e-001  4.878300e+000  2.528057e+000
2.214600e-001  9.930000e-001  2.526006e+000
2.217240e-001  1.293900e+000  2.522215e+000
2.219870e-001  2.024000e+000  2.534898e+000
2.222510e-001  4.045800e+000  2.516448e+000
2.227780e-001  2.215500e+000  2.533346e+000
2.230410e-001  1.692600e+000  2.538926e+000
2.233050e-001  7.906300e+000  2.540220e+000
2.238310e-001  8.856000e+000  2.551320e+000
2.240950e-001  5.309300e+000  2.536650e+000
2.243580e-001  1.201000e+000  2.542757e+000
2.246220e-001  3.872800e+000  2.531616e+000
2.248850e-001  3.932200e+000  2.543533e+000
2.251490e-001  2.806100e+000  2.559940e+000
2.254120e-001  5.278900e+000  2.518176e+000
2.256760e-001  1.911300e+000  2.537137e+000
2.259390e-001  4.306000e+000  2.538900e+000
2.262030e-001  3.665000e+000  2.536730e+000
2.264660e-001  5.408200e+000  2.538433e+000
2.267300e-001  1.294500e+000  2.510073e+000
2.269930e-001  5.406500e+000  2.550925e+000
2.272570e-001  1.061200e+000  2.512640e+000
2.275200e-001  3.306200e+000  2.531703e+000
2.277830e-001  4.742400e+000  2.537175e+000
2.285740e-001  1.437900e+000  2.503465e+000
2.288370e-001  2.603200e+000  2.541703e+000
2.291010e-001  3.088600e+000  2.528029e+000
2.293640e-001  7.017800e+000  2.532107e+000
2.298910e-001  2.057200e+000  2.508062e+000
2.301550e-001  4.000400e+000  2.549348e+000
2.304180e-001  1.363300e+000  2.527915e+000
2.306820e-001  1.661400e+000  2.525693e+000
2.309450e-001  2.667300e+000  2.550618e+000
2.312090e-001  5.639800e+000  2.524730e+000
2.314720e-001  3.093000e-001  2.548168e+000
2.317350e-001  3.197600e+000  2.523669e+000
2.319990e-001  1.317400e+000  2.537614e+000
2.322620e-001  2.105100e+000  2.555727e+000
2.325260e-001  5.039100e+000  2.526995e+000
2.327890e-001  5.309700e+000  2.557466e+000
2.330530e-001  5.936800e+000  2.527944e+000
2.333160e-001  1.753300e+000  2.546111e+000
2.338430e-001  2.125400e+000  2.529095e+000
2.341070e-001  7.620000e-002  2.556664e+000
2.346340e-001  4.574300e+000  2.542821e+000
2.348970e-001  2.783100e+000  2.552478e+000
2.351610e-001  6.922100e+000  2.542808e+000
2.354240e-001  9.050000e-001  2.546482e+000
2.356870e-001  8.427000e-001  2.518106e+000
2.359510e-001  2.598600e+000  2.554997e+000
2.362140e-001  4.409400e+000  2.536827e+000
2.364780e-001  3.997200e+000  2.547163e+000
2.367410e-001  5.124600e+000  2.534850e+000
2.370050e-001  5.961800e+000  2.528572e+000
2.372680e-001  6.025000e+000  2.547055e+000
2.375320e-001  1.493800e+000  2.518093e+000
2.377950e-001  2.286300e+000  2.537346e+000
2.383220e-001  3.511200e+000  2.541756e+000
2.385860e-001  4.314000e+000  2.534526e+000
2.388490e-001  8.974000e-001  2.521532e+000
2.393760e-001  6.493000e-001  2.515209e+000
2.396390e-001  3.846300e+000  2.552297e+000
2.399030e-001  3.603900e+000  2.532792e+000
2.401660e-001  3.696900e+000  2.518258e+000
2.404300e-001  2.371500e+000  2.552621e+000
2.406930e-001  2.319400e+000  2.523137e+000
2.417470e-001  3.928500e+000  2.551684e+000
2.420110e-001  1.554800e+000  2.524346e+000
2.422740e-001  2.853600e+000  2.549970e+000
2.425380e-001  1.091400e+000  2.516666e+000
2.428010e-001  1.858800e+000  2.547045e+000
2.433280e-001  8.108800e+000  2.529194e+000
2.435910e-001  2.107000e+000  2.547873e+000
2.438550e-001  3.279800e+000  2.528144e+000
2.441180e-001  3.748000e+000  2.546043e+000
2.443820e-001  2.570600e+000  2.546364e+000
2.446450e-001  1.778800e+000  2.526414e+000
2.449090e-001  4.058300e+000  2.567301e+000
2.451720e-001  2.026000e-001  2.522266e+000
2.454360e-001  3.910300e+000  2.556994e+000
2.459630e-001  5.822600e+000  2.546700e+000
2.462260e-001  1.435800e+000  2.556791e+000
2.467530e-001  3.253700e+000  2.548985e+000
2.470160e-001  5.034600e+000  2.533905e+000
2.472800e-001  1.465500e+000  2.554669e+000
2.475430e-001  1.160000e-001  2.556499e+000
2.478070e-001  4.909600e+000  2.535609e+000
2.483340e-001  4.285800e+000  2.535682e+000
2.485970e-001  1.085500e+000  2.558702e+000
2.491240e-001  2.610500e+000  2.534710e+000
2.493880e-001  1.206900e+000  2.566723e+000
2.496510e-001  2.162800e+000  2.532149e+000
2.499150e-001  7.085000e+000  2.565851e+000
2.501780e-001  4.432700e+000  2.535492e+000
2.504410e-001  3.916800e+000  2.552744e+000
2.509680e-001  3.595800e+000  2.541360e+000
2.512320e-001  1.790000e+000  2.563876e+000
2.514950e-001  4.273400e+000  2.540322e+000
2.517590e-001  2.007900e+000  2.560094e+000
2.520220e-001  1.421300e+000  2.560926e+000
2.525490e-001  3.136900e+000  2.564296e+000
2.530760e-001  2.570000e+000  2.573732e+000
2.533400e-001  9.128000e-001  2.531209e+000
2.536030e-001  2.044100e+000  2.547080e+000
2.538670e-001  2.606600e+000  2.560230e+000
2.541300e-001  5.197000e-001  2.541468e+000
2.546570e-001  1.522200e+000  2.513492e+000
2.549200e-001  3.527500e+000  2.551898e+000
2.551840e-001  2.595200e+000  2.548501e+000
2.554470e-001  4.262100e+000  2.547101e+000
2.562380e-001  8.471000e-001  2.552977e+000
2.565010e-001  1.206900e+000  2.525641e+000
2.570280e-001  2.271600e+000  2.547470e+000
2.572920e-001  1.237700e+000  2.527440e+000
2.575550e-001  1.703200e+000  2.557691e+000
2.578190e-001  9.546000e-001  2.529763e+000
2.580820e-001  3.985500e+000  2.537118e+000
2.583450e-001  2.743600e+000  2.536781e+000
2.588720e-001  1.627500e+000  2.558264e+000
2.591360e-001  2.832700e+000  2.544998e+000
2.596630e-001  4.221300e+000  2.656287e+000
2.599260e-001  2.651900e+000  2.668403e+000
2.601900e-001  1.155300e+000  2.706301e+000
2.604530e-001  1.511800e+000  2.709372e+000
2.607170e-001  3.204000e+000  2.767823e+000
2.609800e-001  1.948200e+000  2.758162e+000
2.612440e-001  3.812200e+000  2.766829e+000
2.615070e-001  5.079700e+000  2.797187e+000
2.617710e-001  1.623000e+000  2.808914e+000
2.622970e-001  1.674300e+000  2.825043e+000
2.625610e-001  2.398400e+000  2.852190e+000
2.628240e-001  5.880300e+000  2.873863e+000
2.630880e-001  1.546400e+000  2.881518e+000
2.633510e-001  1.926900e+000  2.913994e+000
2.638780e-001  3.879900e+000  2.960668e+000
2.641420e-001  3.968500e+000  2.938604e+000
2.646690e-001  2.067400e+000  2.898099e+000
2.649320e-001  4.134200e+000  2.858336e+000
2.654590e-001  1.259300e+000  2.796882e+000
2.657220e-001  5.157200e+000  2.797700e+000
2.659860e-001  1.933100e+000  2.766836e+000
2.665130e-001  2.222700e+000  2.766405e+000
2.670400e-001  5.139700e+000  2.758440e+000
2.673030e-001  3.619800e+000  2.734206e+000
2.675670e-001  2.229500e+000  2.740898e+000
2.678300e-001  9.394200e+000  2.734605e+000
2.680940e-001  1.133100e+000  2.706958e+000
2.688840e-001  8.950000e-001  2.710809e+000
2.691480e-001  2.292000e+000  2.704542e+000
2.694110e-001  1.666000e+000  2.701258e+000
2.696740e-001  2.026800e+000  2.714068e+000
2.699380e-001  2.612200e+000  2.693288e+000
2.702010e-001  5.816500e+000  2.704870e+000
2.704650e-001  3.831700e+000  2.694229e+000
2.707280e-001  1.492700e+000  2.705770e+000
2.709920e-001  2.275400e+000  2.700930e+000
2.712550e-001  2.770600e+000  2.682708e+000
2.717820e-001  3.100400e+000  2.690745e+000
2.720460e-001  3.749500e+000  2.700929e+000
2.723090e-001  3.942600e+000  2.672674e+000
2.725730e-001  5.167100e+000  2.683705e+000
2.731000e-001  3.910800e+000  2.681404e+000
2.733630e-001  4.696700e+000  2.680701e+000
2.736260e-001  8.927000e-001  2.659687e+000
2.741530e-001  3.780600e+000  2.681586e+000
2.746800e-001  2.403400e+000  2.675239e+000
2.754710e-001  2.214600e+000  2.652694e+000
2.757340e-001  4.324800e+000  2.646909e+000
2.759980e-001  3.028100e+000  2.663901e+000
2.762610e-001  1.217600e+000  2.639307e+000
2.765250e-001  4.325200e+000  2.669677e+000
2.770520e-001  1.203200e+000  2.636700e+000
2.773150e-001  3.776600e+000  2.661210e+000
2.775780e-001  4.106900e+000  2.635586e+000
2.788960e-001  2.261300e+000  2.628344e+000
2.794230e-001  9.502000e-001  2.629281e+000
2.796860e-001  4.532100e+000  2.655639e+000
2.802130e-001  2.442200e+000  2.630923e+000
2.807400e-001  2.369300e+000  2.616975e+000
2.810030e-001  1.001800e+000  2.655978e+000
2.815300e-001  2.813700e+000  2.632704e+000
2.817940e-001  3.359600e+000  2.658604e+000
2.820570e-001  8.423000e-001  2.624491e+000
2.823210e-001  4.115500e+000  2.645462e+000
2.825840e-001  4.918600e+000  2.622317e+000
2.828480e-001  5.005800e+000  2.646201e+000
2.833750e-001  9.654000e-001  2.638201e+000
2.836380e-001  2.903000e+000  2.647711e+000
2.839020e-001  3.453400e+000  2.618553e+000
2.841650e-001  3.135500e+000  2.644436e+000
2.844290e-001  9.581000e-001  2.627864e+000
2.846920e-001  1.272600e+000  2.625519e+000
2.849550e-001  1.468900e+000  2.648392e+000
2.854820e-001  1.389800e+000  2.647305e+000
2.860090e-001  2.330000e-002  2.625549e+000
2.862730e-001  6.535000e-001  2.632473e+000
2.865360e-001  1.154500e+000  2.640491e+000
2.868000e-001  1.991100e+000  2.637114e+000
2.870630e-001  3.367700e+000  2.623748e+000
2.873270e-001  3.366600e+000  2.624281e+000
2.875900e-001  5.091700e+000  2.649116e+000
2.878540e-001  7.370000e-001  2.627392e+000
2.886440e-001  3.431300e+000  2.623203e+000
2.889070e-001  4.312400e+000  2.640918e+000
2.891710e-001  4.457000e-001  2.616836e+000
2.896980e-001  2.500600e+000  2.633951e+000
2.899610e-001  8.037700e+000  2.640565e+000
2.902250e-001  7.147200e+000  2.628933e+000
2.904880e-001  6.266700e+000  2.623682e+000
2.907520e-001  7.581100e+000  2.621003e+000
2.910150e-001  3.599900e+000  2.624892e+000
2.912790e-001  6.160000e-002  2.615723e+000
2.915420e-001  1.825000e-001  2.617025e+000
2.918060e-001  4.417700e+000  2.613311e+000
2.920690e-001  1.944800e+000  2.613157e+000
2.923320e-001  3.491700e+000  2.603562e+000
2.925960e-001  3.466500e+000  2.615168e+000
2.928590e-001  3.705000e+000  2.603653e+000
2.931230e-001  5.703000e-001  2.614030e+000
2.933860e-001  1.598000e+000  2.603929e+000
2.936500e-001  3.189500e+000  2.615629e+000
2.939130e-001  4.792300e+000  2.604697e+000
2.941770e-001  2.201600e+000  2.602520e+000
2.947040e-001  1.798500e+000  2.604784e+000
2.949670e-001  3.625900e+000  2.603491e+000
2.952310e-001  3.040400e+000  2.601701e+000
2.957580e-001  2.632700e+000  2.616344e+000
2.960210e-001  5.095800e+000  2.609887e+000
2.965480e-001  2.688200e+000  2.618477e+000
2.973380e-001  8.078000e-001  2.603657e+000
2.976020e-001  3.677700e+000  2.613134e+000
2.978650e-001  2.999700e+000  2.608157e+000
2.981290e-001  2.865300e+000  2.605991e+000
2.983920e-001  2.529300e+000  2.608218e+000
2.986560e-001  3.381000e-001  2.607508e+000
2.989190e-001  1.194400e+000  2.618473e+000
2.991830e-001  4.702000e+000  2.603398e+000
2.997100e-001  4.807800e+000  2.615074e+000
2.999730e-001  1.163300e+000  2.605307e+000
3.002360e-001  3.181000e-001  2.608268e+000
3.005000e-001  1.067700e+000  2.599759e+000
3.007630e-001  2.871400e+000  2.616485e+000
3.010270e-001  2.749400e+000  2.608530e+000
3.012900e-001  1.302300e+000  2.606915e+000
3.018170e-001  8.544000e-001  2.592690e+000
3.020810e-001  3.141100e+000  2.613512e+000
3.023440e-001  8.490000e-002  2.600489e+000
3.026080e-001  3.226400e+000  2.611423e+000
3.028710e-001  2.894100e+000  2.608591e+000
3.031350e-001  5.362500e+000  2.616070e+000
3.036620e-001  3.101400e+000  2.589792e+000
3.039250e-001  4.844900e+000  2.612057e+000
3.041880e-001  2.120200e+000  2.615640e+000
3.044520e-001  3.016900e+000  2.620265e+000
3.049790e-001  3.019500e+000  2.603454e+000
3.052420e-001  3.858500e+000  2.607556e+000
3.055060e-001  1.867000e-001  2.607823e+000
3.057690e-001  3.857400e+000  2.608187e+000
3.062960e-001  5.598000e+000  2.620366e+000
3.065600e-001  2.646100e+000  2.610767e+000
3.073500e-001  5.789800e+000  2.603756e+000
3.076130e-001  2.206200e+000  2.617558e+000
3.078770e-001  4.197900e+000  2.612789e+000
3.081400e-001  1.433400e+000  2.605061e+000
3.086670e-001  1.502600e+000  2.603685e+000
3.089310e-001  7.506800e+000  2.620903e+000
3.091940e-001  6.851300e+000  2.620926e+000
3.094580e-001  9.299000e-001  2.608112e+000
3.099850e-001  4.295600e+000  2.611923e+000
3.105120e-001  2.038000e+000  2.608782e+000
3.107750e-001  1.078900e+000  2.608620e+000
3.110390e-001  2.615200e+000  2.618420e+000
3.113020e-001  3.185000e+000  2.610996e+000
3.118290e-001  2.058200e+000  2.607481e+000
3.123560e-001  1.530000e+000  2.612284e+000
3.128830e-001  1.129700e+000  2.608169e+000
3.131460e-001  3.706200e+000  2.612384e+000
3.134100e-001  6.202100e+000  2.611213e+000
3.136730e-001  2.907700e+000  2.612286e+000
3.139370e-001  7.494500e+000  2.609897e+000
3.144640e-001  4.144700e+000  2.629055e+000
3.147270e-001  5.188800e+000  2.605259e+000
3.149910e-001  2.762300e+000  2.634501e+000
3.152540e-001  4.735200e+000  2.708181e+000
3.155170e-001  9.342000e-001  2.750378e+000
3.157810e-001  7.537000e-001  2.784375e+000
3.160440e-001  9.210000e-001  2.795218e+000
3.163080e-001  4.955300e+000  2.840361e+000
3.165710e-001  1.734000e+000  2.843825e+000
3.168350e-001  4.119200e+000  2.878865e+000
3.170980e-001  2.251600e+000  2.893877e+000
3.173620e-001  2.758100e+000  2.909445e+000
3.176250e-001  1.094000e+000  2.937770e+000
3.178890e-001  4.736800e+000  2.959666e+000
3.181520e-001  6.827000e+000  2.952125e+000
3.186790e-001  7.884900e+000  2.996409e+000
3.189430e-001  1.768500e+000  3.011853e+000
3.192060e-001  3.357900e+000  3.025282e+000
3.194690e-001  1.031500e+000  3.019353e+000
3.197330e-001  3.687000e-001  3.033244e+000
3.199960e-001  1.959400e+000  3.046558e+000
3.207870e-001  5.233200e+000  2.950741e+000
3.215770e-001  3.081000e-001  2.857432e+000
3.223680e-001  5.183000e-001  2.834111e+000
3.226310e-001  5.922000e-001  2.802441e+000
3.228940e-001  5.276600e+000  2.810106e+000
3.234210e-001  2.997400e+000  2.799436e+000
3.239480e-001  5.170800e+000  2.777578e+000
3.242120e-001  3.612300e+000  2.779917e+000
3.244750e-001  2.140500e+000  2.765018e+000
3.247390e-001  7.139800e+000  2.755320e+000
3.252660e-001  5.621900e+000  2.767037e+000
3.260560e-001  3.179900e+000  2.741508e+000
3.263200e-001  2.255900e+000  2.745454e+000
3.271100e-001  1.661700e+000  2.732888e+000
3.273730e-001  2.002700e+000  2.733816e+000
3.276370e-001  1.901000e-001  2.734348e+000
3.279000e-001  1.828700e+000  2.741590e+000
3.281640e-001  2.100100e+000  2.730149e+000
3.286910e-001  1.973400e+000  2.733875e+000
3.289540e-001  1.309600e+000  2.739965e+000
3.292180e-001  5.649100e+000  2.722642e+000
3.294810e-001  9.541000e-001  2.715475e+000
3.300080e-001  3.708800e+000  2.740812e+000
3.302720e-001  1.719500e+000  2.744759e+000
3.305350e-001  9.580000e-001  2.721006e+000
3.307980e-001  2.625100e+000  2.733157e+000
3.318520e-001  2.935000e+000  2.716494e+000
3.321160e-001  2.586800e+000  2.715337e+000
3.323790e-001  1.723900e+000  2.720273e+000
3.329060e-001  5.363600e+000  2.701407e+000
3.331700e-001  7.984500e+000  2.709840e+000
3.334330e-001  3.999800e+000  2.707550e+000
3.336970e-001  5.035000e-001  2.685151e+000
3.339600e-001  2.484200e+000  2.680802e+000
3.342240e-001  1.126300e+000  2.685434e+000
3.347500e-001  1.541600e+000  2.683137e+000
3.352770e-001  3.185000e+000  2.682457e+000
3.355410e-001  3.973500e+000  2.685214e+000
3.360680e-001  1.427600e+000  2.668667e+000
3.363310e-001  5.582000e-001  2.673213e+000
3.368580e-001  7.308700e+000  2.697004e+000
3.371220e-001  1.893000e+000  2.672060e+000
3.373850e-001  6.356000e-001  2.666581e+000
3.379120e-001  2.573000e-001  2.676540e+000
3.381750e-001  1.055600e+000  2.669295e+000
3.384390e-001  5.269000e-001  2.671592e+000
3.387020e-001  1.559900e+000  2.673989e+000
3.389660e-001  3.530800e+000  2.675494e+000
3.394930e-001  2.283600e+000  2.649963e+000
3.397560e-001  7.325800e+000  2.678618e+000
3.400200e-001  6.524000e-001  2.668204e+000
3.402830e-001  2.658000e+000  2.673035e+000
3.405470e-001  4.505900e+000  2.670595e+000
3.408100e-001  9.840000e-002  2.662702e+000
3.410740e-001  1.176100e+000  2.672397e+000
3.413370e-001  6.134000e-001  2.676323e+000
3.416010e-001  1.146000e-001  2.660925e+000
3.418640e-001  2.519000e-001  2.667236e+000
3.421270e-001  2.970500e+000  2.667471e+000
3.423910e-001  1.988600e+000  2.679648e+000
3.429180e-001  3.661700e+000  2.661559e+000
3.431810e-001  3.403900e+000  2.675911e+000
3.437080e-001  2.353800e+000  2.664160e+000
3.442350e-001  4.506000e-001  2.661021e+000
3.450260e-001  3.679600e+000  2.664366e+000
3.455530e-001  1.783100e+000  2.666787e+000
3.463430e-001  4.190800e+000  2.670555e+000
3.471330e-001  2.568200e+000  2.666724e+000
3.473970e-001  6.239000e-001  2.647880e+000
3.476600e-001  3.674200e+000  2.662593e+000
3.479240e-001  1.126300e+000  2.677325e+000
3.481870e-001  7.466000e+000  2.662705e+000
3.484510e-001  1.512400e+000  2.653130e+000
3.487140e-001  4.639900e+000  2.664822e+000
3.489780e-001  4.129500e+000  2.669576e+000
3.492410e-001  1.693800e+000  2.660617e+000
3.495040e-001  6.065200e+000  2.664247e+000
3.497680e-001  7.761300e+000  2.673350e+000
3.500310e-001  3.701700e+000  2.667433e+000
3.508220e-001  3.279800e+000  2.657898e+000
3.510850e-001  3.678900e+000  2.663998e+000
3.518760e-001  1.034500e+000  2.670550e+000
3.521390e-001  2.425000e+000  2.664314e+000
3.524030e-001  4.397900e+000  2.655445e+000
3.529300e-001  4.210600e+000  2.658036e+000
3.531930e-001  1.459700e+000  2.656979e+000
3.534560e-001  9.576000e-001  2.659398e+000
3.537200e-001  4.081600e+000  2.657818e+000
3.542470e-001  5.480200e+000  2.658343e+000
3.545100e-001  8.224000e-001  2.656207e+000
3.547740e-001  2.393000e+000  2.662177e+000
3.555640e-001  5.316900e+000  2.649687e+000
3.558280e-001  3.107900e+000  2.662487e+000
3.563550e-001  4.492000e-001  2.660978e+000
3.566180e-001  4.831300e+000  2.666996e+000
3.568820e-001  3.837400e+000  2.659996e+000
3.571450e-001  1.497100e+000  2.657004e+000
3.576720e-001  1.355100e+000  2.663425e+000
3.581990e-001  3.199800e+000  2.665838e+000
3.584620e-001  4.032900e+000  2.655134e+000
3.587260e-001  2.406400e+000  2.657936e+000
3.589890e-001  4.978400e+000  2.658457e+000
3.597800e-001  3.500100e+000  2.665945e+000
3.600430e-001  3.671000e-001  2.660036e+000
3.608340e-001  2.407100e+000  2.660184e+000
3.610970e-001  2.672700e+000  2.653143e+000
3.613600e-001  3.594600e+000  2.663187e+000
3.616240e-001  2.576600e+000  2.654272e+000
3.618870e-001  2.634200e+000  2.652551e+000
3.624140e-001  6.640900e+000  2.669441e+000
3.626780e-001  3.739400e+000  2.666121e+000
3.632050e-001  2.683900e+000  2.667218e+000
3.634680e-001  2.660000e-001  2.664006e+000
3.637320e-001  4.751500e+000  2.672627e+000
3.639950e-001  2.780200e+000  2.666864e+000
3.642590e-001  4.523000e+000  2.675470e+000
3.645220e-001  9.060300e+000  2.689187e+000
3.647850e-001  1.661200e+000  2.676832e+000
3.650490e-001  4.043400e+000  2.662505e+000
3.653120e-001  1.006400e+000  2.656043e+000
3.655760e-001  3.470200e+000  2.678409e+000
3.661030e-001  3.561200e+000  2.682765e+000
3.663660e-001  1.520000e-001  2.651014e+000
3.666300e-001  2.377800e+000  2.673391e+000
3.668930e-001  4.332300e+000  2.669023e+000
3.671570e-001  1.659700e+000  2.673325e+000
3.676840e-001  1.785000e+000  2.670809e+000
3.682110e-001  4.088500e+000  2.659923e+000
3.684740e-001  4.618000e+000  2.659578e+000
3.687370e-001  3.386800e+000  2.667184e+000
3.690010e-001  3.586300e+000  2.670089e+000
3.695280e-001  2.358500e+000  2.664499e+000
3.697910e-001  2.169600e+000  2.670096e+000
3.700550e-001  8.701000e-001  2.668737e+000
3.705820e-001  1.319400e+000  2.661858e+000
3.711090e-001  2.457700e+000  2.780852e+000
3.713720e-001  3.347700e+000  2.815362e+000
3.716360e-001  3.697600e+000  2.835975e+000
3.718990e-001  9.900000e-002  2.860745e+000
3.721630e-001  2.426700e+000  2.908273e+000
3.726890e-001  2.819800e+000  2.970457e+000
3.729530e-001  4.754400e+000  2.996462e+000
3.732160e-001  1.282500e+000  3.021303e+000
3.734800e-001  7.161200e+000  3.048340e+000
3.737430e-001  5.569600e+000  3.082506e+000
3.740070e-001  3.812000e+000  3.092430e+000
3.742700e-001  7.716300e+000  3.131771e+000
3.745340e-001  4.020000e+000  3.162762e+000
3.747970e-001  6.346800e+000  3.180272e+000
3.755880e-001  7.674500e+000  3.265645e+000
3.758510e-001  4.184700e+000  3.286465e+000
3.761150e-001  8.812000e-001  3.281120e+000
3.763780e-001  2.665400e+000  3.235674e+000
3.771680e-001  9.708000e-001  3.074654e+000
3.776950e-001  2.114200e+000  3.046113e+000
3.787490e-001  1.805900e+000  2.989337e+000
3.800660e-001  5.467300e+000  2.973573e+000
3.805930e-001  6.698200e+000  2.970937e+000
3.808570e-001  1.081400e+000  2.956079e+000
3.811200e-001  3.180300e+000  2.961347e+000
3.813840e-001  4.851000e-001  2.957203e+000
3.819110e-001  3.195700e+000  2.943268e+000
3.821740e-001  1.874000e+000  2.950999e+000
3.827010e-001  3.162200e+000  2.969555e+000
3.829650e-001  3.970300e+000  2.933460e+000
3.832280e-001  5.677500e+000  2.930809e+000
3.834920e-001  4.250900e+000  2.952553e+000
3.840180e-001  1.917800e+000  2.955795e+000
3.845450e-001  2.726200e+000  2.961274e+000
3.848090e-001  7.086000e-001  2.962242e+000
3.850720e-001  2.280800e+000  2.970374e+000
3.853360e-001  3.422700e+000  2.948005e+000
3.855990e-001  3.418000e-001  2.973657e+000
3.858630e-001  1.053600e+000  2.967768e+000
3.861260e-001  1.729000e+000  2.972018e+000
3.863900e-001  1.110500e+000  2.958299e+000
3.869170e-001  2.886100e+000  2.988169e+000
3.871800e-001  3.863700e+000  2.991382e+000
3.874440e-001  2.034700e+000  2.971099e+000
3.879700e-001  5.595700e+000  2.972562e+000
3.882340e-001  2.576100e+000  2.984381e+000
3.887610e-001  5.169900e+000  2.985929e+000
3.890240e-001  6.344000e-001  2.991075e+000
3.892880e-001  2.816800e+000  2.985775e+000
3.895510e-001  2.546900e+000  2.994917e+000
3.898150e-001  7.460000e-001  2.980790e+000
3.900780e-001  5.813500e+000  3.004467e+000
3.906050e-001  1.267000e+000  3.000612e+000
3.913960e-001  1.541000e+000  2.998799e+000
3.919220e-001  3.054800e+000  2.995286e+000
3.921860e-001  3.881000e+000  3.007208e+000
3.935030e-001  8.666000e-001  2.994888e+000
3.937670e-001  2.707100e+000  3.032961e+000
3.940300e-001  3.360000e+000  3.021793e+000
3.950840e-001  1.113100e+000  3.035352e+000
3.956110e-001  3.103000e-001  3.030614e+000
3.958740e-001  2.126400e+000  3.032069e+000
3.966650e-001  6.545000e-001  3.035450e+000
3.971920e-001  1.857700e+000  3.032186e+000
3.974550e-001  2.559100e+000  3.004709e+000
3.977190e-001  1.050700e+000  2.994611e+000
3.982460e-001  5.924800e+000  3.012567e+000
3.985090e-001  2.041400e+000  2.996170e+000
3.990360e-001  3.183200e+000  2.997523e+000
3.992990e-001  8.241000e-001  3.004682e+000
3.998260e-001  9.350000e-001  2.983241e+000
4.000900e-001  3.522700e+000  3.017383e+000
4.003530e-001  2.698600e+000  3.026412e+000
4.014070e-001  1.982900e+000  3.050629e+000
4.016710e-001  3.277500e+000  3.044812e+000
4.019340e-001  3.237900e+000  3.039359e+000
4.021980e-001  4.085600e+000  3.056227e+000
4.024610e-001  4.005000e+000  3.062479e+000
4.029880e-001  9.005000e-001  3.052752e+000
4.032510e-001  9.598000e-001  3.071267e+000
4.037780e-001  1.383400e+000  3.072476e+000
4.040420e-001  3.100000e-001  3.082629e+000
4.043050e-001  2.909000e-001  3.065635e+000
4.045690e-001  8.263000e-001  3.082253e+000
4.048320e-001  1.792700e+000  3.101891e+000
4.053590e-001  4.948600e+000  3.103393e+000
4.056230e-001  1.108800e+000  3.115730e+000
4.058860e-001  2.197100e+000  3.092523e+000
4.061500e-001  1.427700e+000  3.115404e+000
4.064130e-001  6.497400e+000  3.106775e+000
4.069400e-001  5.710400e+000  3.135214e+000
4.074670e-001  1.474600e+000  3.125331e+000
4.079940e-001  7.560000e+000  3.156571e+000
4.085210e-001  4.969100e+000  3.153494e+000
4.093110e-001  3.198000e-001  3.163953e+000
4.098380e-001  4.735200e+000  3.164978e+000
4.101020e-001  4.045000e-001  3.192394e+000
4.103650e-001  2.672000e-001  3.184293e+000
4.106280e-001  5.273000e-001  3.176151e+000
4.111550e-001  1.488300e+000  3.187874e+000
4.114190e-001  2.783600e+000  3.208436e+000
4.116820e-001  4.015100e+000  3.210064e+000
4.122090e-001  1.827600e+000  3.214505e+000
4.127360e-001  2.072500e+000  3.205828e+000
4.130000e-001  2.650200e+000  3.221795e+000
4.132630e-001  4.750000e-001  3.216771e+000
4.143170e-001  6.585200e+000  3.226474e+000
4.145800e-001  3.539400e+000  3.221833e+000
4.148440e-001  5.839600e+000  3.235850e+000
4.158980e-001  3.755500e+000  3.217848e+000
4.161610e-001  5.004700e+000  3.225538e+000
4.166880e-001  1.789000e+000  3.221197e+000
4.172150e-001  7.063000e-001  3.198439e+000
4.174790e-001  2.912000e-001  3.215501e+000
4.180060e-001  2.400700e+000  3.210318e+000
4.182690e-001  2.114100e+000  3.203407e+000
4.185320e-001  5.470600e+000  3.225047e+000
4.190590e-001  1.867300e+000  3.230788e+000
4.193230e-001  1.048800e+000  3.238238e+000
4.195860e-001  2.040100e+000  3.248693e+000
4.198500e-001  2.692300e+000  3.267065e+000
4.203770e-001  1.940700e+000  3.271198e+000
4.206400e-001  6.060200e+000  3.282537e+000
4.209040e-001  2.648700e+000  3.309055e+000
4.211670e-001  3.723100e+000  3.309392e+000
4.214310e-001  9.211800e+000  3.321385e+000
4.216940e-001  2.082400e+000  3.328603e+000
4.219570e-001  2.585900e+000  3.343421e+000
4.230110e-001  5.665800e+000  3.376129e+000
