# SAXS profile: number of points = 501, q_min = 0, q_max = 0.5, delta_q = 0.001
#    q    intensity    error
0.00000    15927216.00000000 3344.71533203
0.00100    15924269.00000000 5255.00878906
0.00200    15915489.00000000 7878.16748047
0.00300    15900778.00000000 11448.56054688
0.00400    15880275.00000000 14292.24804688
0.00500    15854025.00000000 17122.34765625
0.00600    15821894.00000000 16612.98828125
0.00700    15784105.00000000 18940.92578125
0.00800    15740653.00000000 25499.85937500
0.00900    15691540.00000000 30598.50390625
0.01000    15636845.00000000 30960.95507812
0.01100    15576507.00000000 30841.48632812
0.01200    15510821.00000000 45369.15234375
0.01300    15439726.00000000 48635.13671875
0.01400    15363346.00000000 44937.78906250
0.01500    15281739.00000000 51346.64453125
0.01600    15194975.00000000 42621.90625000
0.01700    15103245.00000000 44856.64062500
0.01800    15006610.00000000 51322.60937500
0.01900    14905121.00000000 44715.36718750
0.02000    14798982.00000000 83910.23437500
0.02100    14688196.00000000 67859.46875000
0.02200    14572991.00000000 50276.82421875
0.02300    14453493.00000000 67642.35156250
0.02400    14329716.00000000 69857.36718750
0.02500    14201930.00000000 77542.53906250
0.02600    14070227.00000000 79778.18750000
0.02700    13934673.00000000 76083.32031250
0.02800    13795565.00000000 66011.78125000
0.02900    13652912.00000000 73725.72656250
0.03000    13506965.00000000 69088.12500000
0.03100    13357735.00000000 89763.98437500
0.03200    13205600.00000000 71904.49218750
0.03300    13050494.00000000 73213.27343750
0.03400    12892652.00000000 67686.42968750
0.03500    12732282.00000000 68754.32031250
0.03600    12569478.00000000 76736.66406250
0.03700    12404430.00000000 77775.77343750
0.03800    12237288.00000000 85905.76562500
0.03900    12068242.00000000 86891.34375000
0.04000    11897405.00000000 117070.47656250
0.04100    11725036.00000000 88641.27343750
0.04200    11551128.00000000 74504.78125000
0.04300    11375989.00000000 75081.53125000
0.04400    11199692.00000000 90717.51562500
0.04500    11022506.00000000 98871.88281250
0.04600    10844435.00000000 114679.90625000
0.04700    10665626.00000000 99830.26562500
0.04800    10486362.00000000 92489.71093750
0.04900    10306788.00000000 77300.91406250
0.05000    10126997.00000000 116207.28906250
0.05100    9947051.00000000 139656.60937500
0.05200    9767283.00000000 77649.89843750
0.05300    9587709.00000000 77660.44531250
0.05400    9408446.00000000 85381.64843750
0.05500    9229612.00000000 108540.24218750
0.05600    9051447.00000000 85128.85937500
0.05700    8873974.00000000 92644.29687500
0.05800    8697440.00000000 115458.52343750
0.05900    8521750.00000000 92034.90625000
0.06000    8347272.50000000 91653.05468750
0.06100    8173906.50000000 114026.00000000
0.06200    8001843.00000000 120987.87500000
0.06300    7831216.00000000 75179.67187500
0.06400    7662028.00000000 74704.77343750
0.06500    7494448.50000000 96453.56250000
0.06600    7328579.50000000 81017.44531250
0.06700    7164465.00000000 87693.05468750
0.06800    7002171.50000000 94214.21875000
0.06900    6841789.50000000 129309.83593750
0.07000    6683424.50000000 78296.32031250
0.07100    6527116.50000000 77542.14843750
0.07200    6372922.00000000 69783.50000000
0.07300    6220920.50000000 89767.89062500
0.07400    6071125.00000000 109280.25000000
0.07500    5923611.50000000 108046.67968750
0.07600    5778404.00000000 86762.74218750
0.07700    5635560.50000000 112091.30468750
0.07800    5495120.00000000 71628.89062500
0.07900    5357096.00000000 70713.67187500
0.08000    5221559.50000000 69786.14843750
0.08100    5088506.00000000 93882.93750000
0.08200    4957937.50000000 74071.58593750
0.08300    4829863.50000000 115626.93750000
0.08400    4704357.00000000 71976.66406250
0.08500    4581311.00000000 59098.91406250
0.08600    4460876.00000000 81500.21093750
0.08700    4342938.00000000 63059.46484375
0.08800    4227531.00000000 56437.54296875
0.08900    4114699.25000000 66658.13281250
0.09000    4004350.00000000 81989.07031250
0.09100    3896518.50000000 53771.95703125
0.09200    3791194.00000000 63464.59375000
0.09300    3688321.00000000 62406.39453125
0.09400    3587918.50000000 61353.41015625
0.09500    3489950.25000000 75382.92968750
0.09600    3394403.25000000 69143.99218750
0.09700    3301234.00000000 63086.58203125
0.09800    3210437.25000000 47674.99609375
0.09900    3121955.50000000 74926.93750000
0.10000    3035757.50000000 50590.89843750
0.10100    2951827.25000000 67744.43750000
0.10200    2870135.00000000 79818.46093750
0.10300    2790598.00000000 60946.66406250
0.10400    2713225.75000000 47006.63671875
0.10500    2637987.50000000 50332.80468750
0.10600    2564766.00000000 65863.19531250
0.10700    2493601.50000000 64634.15625000
0.10800    2424422.00000000 47567.16015625
0.10900    2357185.75000000 50561.63671875
0.11000    2291843.50000000 49606.95703125
0.11100    2228353.50000000 37436.33984375
0.11200    2166700.25000000 44070.68359375
0.11300    2106799.25000000 39628.89453125
0.11400    2048632.25000000 45940.58203125
0.11500    1992141.87500000 38129.59765625
0.11600    1937289.62500000 40799.32031250
0.11700    1884039.87500000 36682.25781250
0.11800    1832322.75000000 35977.66015625
0.11900    1782124.37500000 35286.06250000
0.12000    1733385.50000000 37753.13671875
0.12100    1686083.37500000 33940.85937500
0.12200    1640155.50000000 42365.21875000
0.12300    1595578.12500000 47484.40625000
0.12400    1552290.12500000 37837.07421875
0.12500    1510256.00000000 37106.98828125
0.12600    1469460.12500000 39190.50390625
0.12700    1429850.25000000 30198.43750000
0.12800    1391378.25000000 32307.80468750
0.12900    1354023.50000000 26403.45898438
0.13000    1317752.62500000 33661.99218750
0.13100    1282522.87500000 27933.35156250
0.13200    1248291.75000000 32374.44726562
0.13300    1215045.25000000 31749.13281250
0.13400    1182737.00000000 23950.42578125
0.13500    1151355.37500000 35231.47656250
0.13600    1120847.12500000 34550.11328125
0.13700    1091206.75000000 27105.57812500
0.13800    1062396.25000000 22150.96289062
0.13900    1034384.87500000 41271.96093750
0.14000    1007151.62500000 25561.50781250
0.14100    980669.31250000 25065.90820312
0.14200    954924.31250000 32773.00390625
0.14300    929891.37500000 24102.78515625
0.14400    905531.62500000 21664.84570312
0.14500    881850.75000000 21243.78515625
0.14600    858813.68750000 30298.94921875
0.14700    836406.37500000 20425.04296875
0.14800    814603.93750000 29130.23632812
0.14900    793392.18750000 23206.72265625
0.15000    772747.25000000 21003.27148438
0.15100    752675.37500000 22309.29882812
0.15200    733147.93750000 20190.89648438
0.15300    714143.00000000 24745.05664062
0.15400    695653.12500000 25878.29882812
0.15500    677670.06250000 17443.22851562
0.15600    660174.43750000 18656.52929688
0.15700    643164.81250000 21340.20898438
0.15800    626608.12500000 14944.60449219
0.15900    610514.37500000 16117.58007812
0.16000    594866.31250000 17239.22656250
0.16100    579655.18750000 18311.30859375
0.16200    564865.25000000 17954.24218750
0.16300    550489.68750000 14896.25097656
0.16400    536529.43750000 13279.10351562
0.16500    522959.28125000 18230.36132812
0.16600    509779.59375000 12769.97949219
0.16700    496979.56250000 26300.16015625
0.16800    484550.12500000 18425.01953125
0.16900    472497.12500000 15663.28125000
0.17000    460793.50000000 14183.22363281
0.17100    449439.18750000 15074.19042969
0.17200    438429.56250000 14790.42187500
0.17300    427754.31250000 16746.58203125
0.17400    417408.62500000 10956.97656250
0.17500    407386.71875000 13981.51269531
0.17600    397672.68750000 13725.67382812
0.17700    388270.03125000 12440.17187500
0.17800    379163.71875000 11198.60058594
0.17900    370355.53125000 13999.43945312
0.18000    361831.50000000 10806.09863281
0.18100    353597.31250000 14479.81054688
0.18200    345620.81250000 9487.29199219
0.18300    337916.25000000 12124.43554688
0.18400    330470.59375000 15589.95117188
0.18500    323279.06250000 14431.17773438
0.18600    316330.68750000 9760.38378906
0.18700    309621.15625000 11350.71191406
0.18800    303143.12500000 8594.10839844
0.18900    296893.25000000 9307.60351562
0.19000    290851.81250000 9999.48632812
0.19100    285034.78125000 12313.50390625
0.19200    279411.59375000 12133.44824219
0.19300    273993.34375000 8770.52734375
0.19400    268759.68750000 7861.22119141
0.19500    263712.40625000 7753.14501953
0.19600    258842.39062500 9943.43066406
0.19700    254140.40625000 8302.76757812
0.19800    249601.07812500 7450.59277344
0.19900    245223.82812500 8828.05859375
0.20000    240992.56250000 7992.51855469
0.20100    236903.76562500 7896.00292969
0.20200    232954.00000000 8512.13964844
0.20300    229134.82812500 8413.83105469
0.20400    225441.96875000 7625.57519531
0.20500    221866.42187500 6855.67285156
0.20600    218400.06250000 10171.98339844
0.20700    215045.21875000 11405.99902344
0.20800    211785.73437500 8631.32812500
0.20900    208631.06250000 6571.87890625
0.21000    205556.71875000 9108.21875000
0.21100    202570.29687500 7085.90917969
0.21200    199663.32812500 7655.09228516
0.21300    196828.43750000 8845.47070312
0.21400    194064.81250000 8136.16796875
0.21500    191370.43750000 6820.44238281
0.21600    188730.65625000 8600.45605469
0.21700    186148.92187500 7913.19091797
0.21800    183619.89062500 7238.29638672
0.21900    181138.04687500 6575.31152344
0.22000    178699.39062500 5923.88525391
0.22100    176308.78125000 7045.29931641
0.22200    173954.10937500 6982.51855469
0.22300    171632.40625000 5766.84912109
0.22400    169341.53125000 8001.38769531
0.22500    167087.39062500 6797.11523438
0.22600    164854.25000000 6735.94482422
0.22700    162652.51562500 6675.25976562
0.22800    160471.46875000 6063.41503906
0.22900    158311.21875000 6007.91113281
0.23000    156172.51562500 7034.79101562
0.23100    154054.25000000 6969.41455078
0.23200    151951.35937500 5841.77001953
0.23300    149865.68750000 8416.45703125
0.23400    147796.87500000 5730.82421875
0.23500    145739.65625000 5159.18408203
0.23600    143701.25000000 6130.29589844
0.23700    141676.34375000 8598.33789062
0.23800    139667.64062500 7009.91894531
0.23900    137670.82812500 7434.22509766
0.24000    135688.71875000 5395.66210938
0.24100    133723.75000000 5825.00683594
0.24200    131776.39062500 5763.89941406
0.24300    129839.96875000 6653.00048828
0.24400    127921.94531250 7051.69775391
0.24500    126020.64843750 5115.17822266
0.24600    124136.88281250 5519.12597656
0.24700    122271.89062500 5003.36572266
0.24800    120429.03125000 4947.82714844
0.24900    118602.57031250 5337.11572266
0.25000    116799.14843750 4837.23681641
0.25100    115017.94531250 6956.28564453
0.25200    113264.60156250 5158.06982422
0.25300    111532.14843750 6374.06298828
0.25400    109828.18750000 4621.02099609
0.25500    108149.61718750 4568.24023438
0.25600    106499.15625000 6158.31396484
0.25700    104877.82812500 4870.52636719
0.25800    103288.92968750 5216.60791016
0.25900    101730.41406250 4364.23486328
0.26000    100205.35156250 4707.64794922
0.26100    98710.90625000  3879.33862305
0.26200    97256.18750000  4604.10839844
0.26300    95830.80468750  4174.39013672
0.26400    94445.65625000  4505.05761719
0.26500    93097.10156250  5943.31933594
0.26600    91786.03125000  3676.03051758
0.26700    90514.75781250  3638.69360352
0.26800    89282.36718750  3602.54370117
0.26900    88087.63281250  3567.54956055
0.27000    86935.29687500  4240.70410156
0.27100    85820.80468750  4201.78710938
0.27200    84752.46093750  5205.92041016
0.27300    83720.40625000  3440.90869141
0.27400    82726.32031250  4777.44531250
0.27500    81779.86718750  3385.68652344
0.27600    80867.83593750  4704.08251953
0.27700    80001.59375000  3336.06665039
0.27800    79174.43750000  3644.79565430
0.27900    78386.25000000  3950.66723633
0.28000    77638.85156250  3926.97314453
0.28100    76930.19531250  3904.97705078
0.28200    76261.62500000  4208.49804688
0.28300    75630.38281250  4832.78173828
0.28400    75035.26562500  4170.08496094
0.28500    74479.09375000  3834.18408203
0.28600    73956.60156250  3502.21508789
0.28700    73469.35937500  3173.87622070
0.28800    73015.93750000  3481.76513672
0.28900    72596.55468750  5052.72021484
0.29000    72206.86718750  3467.01293945
0.29100    71849.56250000  3147.01098633
0.29200    71521.50781250  3457.70751953
0.29300    71221.82031250  4083.14721680
0.29400    70947.32812500  3139.41918945
0.29500    70699.67187500  3766.87866211
0.29600    70475.88281250  4081.61083984
0.29700    70273.54687500  3141.22778320
0.29800    70095.47656250  3458.16040039
0.29900    69938.36718750  3147.22680664
0.30000    69796.84375000  3466.46044922
0.30100    69674.87500000  4103.15380859
0.30200    69568.10937500  4110.43212891
0.30300    69477.35937500  5385.88476562
0.30400    69399.72656250  4762.55664062
0.30500    69332.21093750  3500.58349609
0.30600    69275.50000000  4147.17822266
0.30700    69231.18750000  3198.48095703
0.30800    69191.81250000  4169.15283203
0.30900    69162.21093750  3537.64721680
0.31000    69136.10937500  5805.35937500
0.31100    69115.07031250  4204.96093750
0.31200    69096.15625000  3244.06469727
0.31300    69080.69531250  3253.70092773
0.31400    69066.68750000  3916.08129883
0.31500    69051.33593750  3600.33691406
0.31600    69036.08593750  3282.66601562
0.31700    69019.36718750  3621.44628906
0.31800    68997.64843750  3301.53759766
0.31900    68976.74218750  3641.97216797
0.32000    68949.27343750  4979.86181641
0.32100    68916.14062500  5658.70458984
0.32200    68879.63281250  5005.82763672
0.32300    68833.64843750  6021.56787109
0.32400    68782.30468750  3353.13745117
0.32500    68723.89843750  4032.71850586
0.32600    68656.40625000  3367.59667969
0.32700    68581.56250000  5398.74072266
0.32800    68500.23437500  3718.53540039
0.32900    68408.35937500  3724.83544922
0.33000    68307.99218750  4408.93945312
0.33100    68197.20312500  4754.70947266
0.33200    68080.34375000  4760.85888672
0.33300    67951.64843750  4085.25317383
0.33400    67815.45312500  4430.04492188
0.33500    67668.23437500  4433.62304688
0.33600    67512.10937500  4436.55859375
0.33700    67347.25000000  3414.50561523
0.33800    67173.95312500  4782.11425781
0.33900    66991.70312500  3758.23461914
0.34000    66799.62500000  4783.52099609
0.34100    66600.35937500  4441.57812500
0.34200    66395.17968750  4782.44482422
0.34300    66179.22656250  3414.84838867
0.34400    65958.94531250  3754.71313477
0.34500    65730.24218750  3411.39990234
0.34600    65497.07812500  4772.77246094
0.34700    65255.28515625  5109.48876953
0.34800    65008.82812500  4424.17626953
0.34900    64757.58203125  3399.77319336
0.35000    64501.76562500  3735.62011719
0.35100    64242.51953125  3392.00512695
0.35200    63977.92578125  4742.68408203
0.35300    63710.56250000  3721.33422852
0.35400    63440.30859375  3716.01611328
0.35500    63168.34375000  3710.50878906
0.35600    62894.74609375  3704.81518555
0.35700    62618.87890625  5043.95117188
0.35800    62343.69531250  4028.64965820
0.35900    62068.19140625  4022.01904297
0.36000    61793.19921875  4015.32226562
0.36100    61517.35937500  4008.47143555
0.36200    61245.81250000  3334.83471680
0.36300    60973.12109375  3994.95898438
0.36400    60702.65625000  3988.16479492
0.36500    60433.74609375  3649.59399414
0.36600    60170.30078125  4968.56298828
0.36700    59907.28906250  3968.25903320
0.36800    59650.76562500  4622.33837891
0.36900    59398.03515625  3955.90942383
0.37000    59145.46093750  3949.73388672
0.37100    58899.10546875  3615.22729492
0.37200    58658.98437500  4266.56152344
0.37300    58422.49609375  4260.75292969
0.37400    58193.70312500  4582.75439453
0.37500    57969.38671875  4577.26318359
0.37600    57749.96875000  4572.06542969
0.37700    57535.89843750  3588.51391602
0.37800    57329.09375000  5540.57080078
0.37900    57129.01562500  3581.98925781
0.38000    56933.37500000  3904.49121094
0.38100    56745.09375000  3901.79272461
0.38200    56562.35937500  4224.36035156
0.38300    56386.70312500  3572.66162109
0.38400    56217.95312500  4545.22167969
0.38500    56053.53906250  5192.80029297
0.38600    55898.14843750  4218.35400391
0.38700    55746.74218750  4542.24462891
0.38800    55602.21093750  4542.14453125
0.38900    55464.10156250  3569.11523438
0.39000    55333.02343750  3245.28198242
0.39100    55208.32812500  4220.12500000
0.39200    55089.28125000  3897.01586914
0.39300    54974.69140625  4548.60595703
0.39400    54868.60546875  3576.06152344
0.39500    54765.58203125  3903.69067383
0.39600    54668.13671875  3255.48779297
0.39700    54576.63281250  3909.87011719
0.39800    54490.83593750  3913.53222656
0.39900    54409.08984375  4243.90917969
0.40000    54332.52343750  3921.72167969
0.40100    54259.34765625  4253.39062500
0.40200    54192.06250000  3603.50122070
0.40300    54126.87500000  3936.10668945
0.40400    54067.82421875  3941.54443359
0.40500    54011.52734375  3289.30224609
0.40600    53960.18750000  4611.97753906
0.40700    53910.29687500  4948.96533203
0.40800    53864.26171875  4626.40185547
0.40900    53820.74218750  6288.95410156
0.41000    53781.93359375  3978.78759766
0.41100    53743.59375000  3985.62500000
0.41200    53707.54687500  3992.61938477
0.41300    53675.65625000  3999.91015625
0.41400    53643.76171875  4341.12158203
0.41500    53615.09375000  3680.14013672
0.41600    53586.16796875  3351.81494141
0.41700    53559.92578125  4365.66992188
0.41800    53537.07812500  4374.24707031
0.41900    53510.50000000  5056.74267578
0.42000    53488.74218750  3715.59570312
0.42100    53466.99218750  3722.90698242
0.42200    53446.85937500  3391.20336914
0.42300    53425.44140625  5096.78710938
0.42400    53404.42187500  3744.98535156
0.42500    53384.80468750  4093.54687500
0.42600    53364.25390625  5468.76904297
0.42700    53345.44140625  4109.73291016
0.42800    53325.35546875  3431.48681641
0.42900    53306.83984375  3782.12036133
0.43000    53287.49609375  4823.05126953
0.43100    53265.72656250  4487.10498047
0.43200    53245.99609375  4495.82568359
0.43300    53224.96875000  4504.42919922
0.43400    53203.39062500  4860.12988281
0.43500    53181.01171875  4173.64599609
0.43600    53160.44921875  3484.66748047
0.43700    53136.32031250  3840.16186523
0.43800    53111.58593750  3847.13793945
0.43900    53087.46484375  4204.52734375
0.44000    53062.63671875  3861.10302734
0.44100    53036.81640625  4571.24316406
0.44200    53010.96484375  3522.57885742
0.44300    52982.81250000  4234.38671875
0.44400    52955.62500000  4595.22460938
0.44500    52924.71093750  5310.99511719
0.44600    52894.98437500  4255.93066406
0.44700    52864.61328125  5328.75341797
0.44800    52832.79687500  3558.28906250
0.44900    52800.77343750  4276.86279297
0.45000    52769.44921875  5354.78027344
0.45100    52733.73046875  4290.41650391
0.45200    52699.96093750  5729.54003906
0.45300    52663.73828125  5379.60107422
0.45400    52627.80078125  5387.77148438
0.45500    52591.30078125  6115.31640625
0.45600    52553.10937500  5764.02539062
0.45700    52515.12109375  4690.12548828
0.45800    52475.88281250  3974.26123047
0.45900    52435.10546875  4341.62695312
0.46000    52396.48046875  4710.18164062
0.46100    52353.53125000  5079.33984375
0.46200    52313.09375000  3996.45898438
0.46300    52270.36718750  4365.62158203
0.46400    52228.10546875  5100.07470703
0.46500    52184.54687500  3647.70019531
0.46600    52141.42187500  4383.00830078
0.46700    52095.59765625  4388.53320312
0.46800    52052.67578125  5859.04931641
0.46900    52006.22265625  4766.37060547
0.47000    51960.22656250  4038.08935547
0.47100    51914.64453125  4410.66845703
0.47200    51868.78125000  5520.13525391
0.47300    51822.33984375  4421.48242188
0.47400    51774.60937500  4426.72949219
0.47500    51727.33203125  4431.99804688
0.47600    51681.61718750  6286.29345703
0.47700    51632.14062500  5182.83447266
0.47800    51584.68359375  5930.17529297
0.47900    51537.59375000  4081.77758789
0.48000    51489.30078125  6686.91552734
0.48100    51442.78125000  4463.17626953
0.48200    51392.42968750  4840.39599609
0.48300    51343.98828125  4845.84570312
0.48400    51296.38671875  4478.17480469
0.48500    51248.41015625  4856.81201172
0.48600    51202.02343750  5236.43115234
0.48700    51153.45703125  4118.87646484
0.48800    51104.96484375  5997.67919922
0.48900    51057.47656250  5629.08691406
0.49000    51010.75390625  6011.10742188
0.49100    50964.16015625  3761.15527344
0.49200    50917.07812500  4894.91357422
0.49300    50871.20312500  3769.55639648
0.49400    50825.36328125  4151.16162109
0.49500    50778.90625000  3777.95092773
0.49600    50735.10937500  5295.22363281
0.49700    50690.58984375  3786.58715820
0.49800    50646.91406250  4928.19824219
0.49900    50603.09765625  5313.32519531
0.50000    50560.89843750  6839.37255859
